1747087543.451247,lo,0.00,0.00,0.00,0,0,0.00,0.00,0.00,0,0,0.00,0.00,0,0,0.00,0.00,0.00,0,0
1747087543.451269,ens160,0.00,0.00,0.00,0,0,0.00,0.00,0.00,0,0,0.00,0.00,0,0,0.00,0.00,0.00,0,0
1747087543.451274,s1-eth1,0.00,0.00,0.00,0,0,0.00,0.00,0.00,0,0,0.00,0.00,0,0,0.00,0.00,0.00,0,0
1747087543.451279,s2-eth1,0.00,0.00,0.00,0,0,0.00,0.00,0.00,0,0,0.00,0.00,0,0,0.00,0.00,0.00,0,0
1747087543.451283,s1-eth2,0.00,0.00,0.00,0,0,0.00,0.00,0.00,0,0,0.00,0.00,0,0,0.00,0.00,0.00,0,0
1747087543.451286,s3-eth1,0.00,0.00,0.00,0,0,0.00,0.00,0.00,0,0,0.00,0.00,0,0,0.00,0.00,0.00,0,0
1747087543.451298,s2-eth2,0.00,0.00,0.00,0,0,0.00,0.00,0.00,0,0,0.00,0.00,0,0,0.00,0.00,0.00,0,0
1747087543.451302,s3-eth2,0.00,0.00,0.00,0,0,0.00,0.00,0.00,0,0,0.00,0.00,0,0,0.00,0.00,0.00,0,0
1747087543.451311,total,0.00,0.00,0.00,0,0,0.00,0.00,0.00,0,0,0.00,0.00,0,0,0.00,0.00,0.00,0,0
1747087544.451436,lo,23072.00,23072.00,46144.00,23072,23072,145.00,145.00,290.00,145,145,0.00,0.00,0,0,184576.00,184576.00,369152.00,184576,184576
1747087544.451447,ens160,0.00,0.00,0.00,0,0,0.00,0.00,0.00,0,0,0.00,0.00,0,0,0.00,0.00,0.00,0,0
1747087544.451451,s1-eth1,6038496.00,54766.00,6093262.00,54766,6038496,852.00,829.00,1681.00,829,852,0.00,0.00,0,0,48307968.00,438128.00,48746096.00,438128,48307968
1747087544.451456,s2-eth1,6037300.00,55380.00,6092680.00,55380,6037300,843.00,834.00,1677.00,834,843,0.00,0.00,0,0,48298400.00,443040.00,48741440.00,443040,48298400
1747087544.451461,s1-eth2,55380.00,6037300.00,6092680.00,6037300,55380,834.00,843.00,1677.00,843,834,0.00,0.00,0,0,443040.00,48298400.00,48741440.00,48298400,443040
1747087544.451465,s3-eth1,6035903.00,56253.00,6092156.00,56253,6035903,833.00,841.00,1674.00,841,833,0.00,0.00,0,0,48287224.00,450024.00,48737248.00,450024,48287224
1747087544.451475,s2-eth2,56253.00,6035903.00,6092156.00,6035903,56253,841.00,833.00,1674.00,833,841,0.00,0.00,0,0,450024.00,48287224.00,48737248.00,48287224,450024
1747087544.451480,s3-eth2,57540.00,6034756.00,6092296.00,6034756,57540,850.00,826.00,1676.00,826,850,0.00,0.00,0,0,460320.00,48278048.00,48738368.00,48278048,460320
1747087544.451492,total,18303944.00,18297430.00,36601376.00,18297430,18303944,5198.00,5151.00,10349.00,5151,5198,0.00,0.00,0,0,146431552.00,146379440.00,292811008.00,146379440,146431552
1747087545.451651,lo,13388.00,13388.00,26776.00,13388,13388,82.00,82.00,164.00,82,82,0.00,0.00,0,0,107104.00,107104.00,214208.00,107104,107104
1747087545.451664,ens160,0.00,0.00,0.00,0,0,0.00,0.00,0.00,0,0,0.00,0.00,0,0,0.00,0.00,0.00,0,0
1747087545.451668,s1-eth1,6028624.00,54450.00,6083074.00,54450,6028624,834.00,825.00,1659.00,825,834,0.00,0.00,0,0,48228992.00,435600.00,48664592.00,435600,48228992
1747087545.451674,s2-eth1,6028316.00,55340.00,6083656.00,55340,6028316,832.00,831.00,1663.00,831,832,0.00,0.00,0,0,48226528.00,442720.00,48669248.00,442720,48226528
1747087545.451679,s1-eth2,55340.00,6028316.00,6083656.00,6028316,55340,831.00,832.00,1663.00,832,831,0.00,0.00,0,0,442720.00,48226528.00,48669248.00,48226528,442720
1747087545.451684,s3-eth1,6028008.00,55971.00,6083979.00,55971,6028008,830.00,835.00,1665.00,835,830,0.00,0.00,0,0,48224064.00,447768.00,48671832.00,447768,48224064
1747087545.451694,s2-eth2,55971.00,6028008.00,6083979.00,6028008,55971,835.00,830.00,1665.00,830,835,0.00,0.00,0,0,447768.00,48224064.00,48671832.00,48224064,447768
1747087545.451699,s3-eth2,56188.00,6035006.00,6091194.00,6035006,56188,837.00,829.00,1666.00,829,837,0.00,0.00,0,0,449504.00,48280048.00,48729552.00,48280048,449504
1747087545.451709,total,18265836.00,18270480.00,36536312.00,18270479,18265835,5081.00,5064.00,10145.00,5064,5081,0.00,0.00,0,0,146126688.00,146163840.00,292290496.00,146163832,146126680
1747087546.451877,lo,1852.00,1852.00,3704.00,1852,1852,10.00,10.00,20.00,10,10,0.00,0.00,0,0,14816.00,14816.00,29632.00,14816,14816
1747087546.451897,ens160,63867.00,30466.00,94333.00,30466,63867,83.00,96.00,179.00,96,83,0.00,0.00,0,0,510936.00,243728.00,754664.00,243728,510936
1747087546.451904,s1-eth1,6034957.00,54516.00,6089473.00,54516,6034957,827.00,826.00,1653.00,826,827,0.00,0.00,0,0,48279656.00,436128.00,48715784.00,436128,48279656
1747087546.451913,s2-eth1,6034756.00,54651.00,6089407.00,54651,6034756,826.00,826.00,1652.00,826,826,0.00,0.00,0,0,48278048.00,437208.00,48715256.00,437208,48278048
1747087546.451918,s1-eth2,54651.00,6034756.00,6089407.00,6034756,54651,826.00,826.00,1652.00,826,826,0.00,0.00,0,0,437208.00,48278048.00,48715256.00,48278048,437208
1747087546.451923,s3-eth1,6034756.00,54918.00,6089674.00,54918,6034756,826.00,828.00,1654.00,828,826,0.00,0.00,0,0,48278048.00,439344.00,48717392.00,439344,48278048
1747087546.451933,s2-eth2,54918.00,6034756.00,6089674.00,6034756,54918,828.00,826.00,1654.00,826,828,0.00,0.00,0,0,439344.00,48278048.00,48717392.00,48278048,439344
1747087546.451938,s3-eth2,55119.00,6027450.00,6082569.00,6027450,55119,829.00,825.00,1654.00,825,829,0.00,0.00,0,0,440952.00,48219600.00,48660552.00,48219600,440952
1747087546.451950,total,18334876.00,18293364.00,36628240.00,18293365,18334876,5055.00,5063.00,10118.00,5063,5055,0.00,0.00,0,0,146679008.00,146346912.00,293025920.00,146346920,146679008
1747087547.452114,lo,3672.00,3672.00,7344.00,3672,3672,24.00,24.00,48.00,24,24,0.00,0.00,0,0,29376.00,29376.00,58752.00,29376,29376
1747087547.452134,ens160,132.00,650.00,782.00,650,132,2.00,3.00,5.00,3,2,0.00,0.00,0,0,1056.00,5200.00,6256.00,5200,1056
1747087547.452142,s1-eth1,6034094.00,54780.00,6088874.00,54780,6034094,834.00,830.00,1664.00,830,834,0.00,0.00,0,0,48272752.00,438240.00,48710992.00,438240,48272752
1747087547.452153,s2-eth1,6032539.00,54821.00,6087360.00,54821,6032539,833.00,830.00,1663.00,830,833,0.00,0.00,0,0,48260312.00,438568.00,48698880.00,438568,48260312
1747087547.452159,s1-eth2,54821.00,6032539.00,6087360.00,6032539,54821,830.00,833.00,1663.00,833,830,0.00,0.00,0,0,438568.00,48260312.00,48698880.00,48260312,438568
1747087547.452165,s3-eth1,6035394.00,54862.00,6090256.00,54862,6035394,833.00,830.00,1663.00,830,833,0.00,0.00,0,0,48283152.00,438896.00,48722048.00,438896,48283152
1747087547.452177,s2-eth2,54862.00,6035394.00,6090256.00,6035394,54862,830.00,833.00,1663.00,833,830,0.00,0.00,0,0,438896.00,48283152.00,48722048.00,48283152,438896
1747087547.452183,s3-eth2,54969.00,6038048.00,6093017.00,6038048,54969,831.00,832.00,1663.00,832,831,0.00,0.00,0,0,439752.00,48304384.00,48744136.00,48304384,439752
1747087547.452193,total,18270484.00,18274766.00,36545248.00,18274766,18270483,5017.00,5015.00,10032.00,5015,5017,0.00,0.00,0,0,146163872.00,146198128.00,292361984.00,146198128,146163864
1747087548.452394,lo,6456.00,6456.00,12912.00,6456,6456,48.00,48.00,96.00,48,48,0.00,0.00,0,0,51648.00,51648.00,103296.00,51648,51648
1747087548.452415,ens160,53668.00,19202.00,72870.00,19202,53668,65.00,69.00,134.00,69,65,0.00,0.00,0,0,429344.00,153616.00,582960.00,153616,429344
1747087548.452422,s1-eth1,6056104.00,73594.00,6129698.00,73594,6056104,1189.00,1115.00,2304.00,1115,1189,0.00,0.00,0,0,48448832.00,588752.00,49037584.00,588752,48448832
1747087548.452428,s2-eth1,6061691.00,73931.00,6135622.00,73931,6061691,1188.00,1118.00,2306.00,1118,1188,0.00,0.00,0,0,48493528.00,591448.00,49084976.00,591448,48493528
1747087548.452434,s1-eth2,73931.00,6061691.00,6135622.00,6061691,73931,1118.00,1188.00,2306.00,1188,1118,0.00,0.00,0,0,591448.00,48493528.00,49084976.00,48493528,591448
1747087548.452439,s3-eth1,6057010.00,74202.00,6131212.00,74202,6057010,1185.00,1120.00,2305.00,1120,1185,0.00,0.00,0,0,48456080.00,593616.00,49049696.00,593616,48456080
1747087548.452449,s2-eth2,74202.00,6057010.00,6131212.00,6057010,74202,1120.00,1185.00,2305.00,1185,1120,0.00,0.00,0,0,593616.00,48456080.00,49049696.00,48456080,593616
1747087548.452454,s3-eth2,74473.00,6052530.00,6127003.00,6052530,74473,1122.00,1183.00,2305.00,1183,1122,0.00,0.00,0,0,595784.00,48420240.00,49016024.00,48420240,595784
1747087548.452464,total,18457536.00,18418616.00,36876152.00,18418616,18457535,7035.00,7026.00,14061.00,7026,7035,0.00,0.00,0,0,147660288.00,147348928.00,295009216.00,147348928,147660280
1747087549.452685,lo,0.00,0.00,0.00,0,0,0.00,0.00,0.00,0,0,0.00,0.00,0,0,0.00,0.00,0.00,0,0
1747087549.452700,ens160,12508.00,21967.00,34475.00,21967,12508,47.00,56.00,103.00,56,47,0.00,0.00,0,0,100064.00,175736.00,275800.00,175736,100064
1747087549.452743,s1-eth1,6050010.00,66660.00,6116670.00,66660,6050010,1101.00,1010.00,2111.00,1010,1101,0.00,0.00,0,0,48400080.00,533280.00,48933360.00,533280,48400080
1747087549.452752,s2-eth1,6050010.00,66660.00,6116670.00,66660,6050010,1101.00,1010.00,2111.00,1010,1101,0.00,0.00,0,0,48400080.00,533280.00,48933360.00,533280,48400080
1747087549.452760,s1-eth2,66660.00,6050010.00,6116670.00,6050010,66660,1010.00,1101.00,2111.00,1101,1010,0.00,0.00,0,0,533280.00,48400080.00,48933360.00,48400080,533280
1747087549.452766,s3-eth1,6050010.00,66594.00,6116604.00,66594,6050010,1101.00,1009.00,2110.00,1009,1101,0.00,0.00,0,0,48400080.00,532752.00,48932832.00,532752,48400080
1747087549.452785,s2-eth2,66594.00,6050010.00,6116604.00,6050010,66594,1009.00,1101.00,2110.00,1101,1009,0.00,0.00,0,0,532752.00,48400080.00,48932832.00,48400080,532752
1747087549.452791,s3-eth2,66660.00,6055868.00,6122528.00,6055868,66660,1010.00,1102.00,2112.00,1102,1010,0.00,0.00,0,0,533280.00,48446944.00,48980224.00,48446944,533280
1747087549.452804,total,18362452.00,18377768.00,36740220.00,18377769,18362452,6379.00,6389.00,12768.00,6389,6379,0.00,0.00,0,0,146899616.00,147022144.00,293921760.00,147022152,146899616
1747087550.452983,lo,0.00,0.00,0.00,0,0,0.00,0.00,0.00,0,0,0.00,0.00,0,0,0.00,0.00,0.00,0,0
1747087550.453001,ens160,10596.00,11283.00,21879.00,11283,10596,39.00,49.00,88.00,49,39,0.00,0.00,0,0,84768.00,90264.00,175032.00,90264,84768
1747087550.453008,s1-eth1,6054354.00,66594.00,6120948.00,66594,6054354,1101.00,1009.00,2110.00,1009,1101,0.00,0.00,0,0,48434832.00,532752.00,48967584.00,532752,48434832
1747087550.453013,s2-eth1,6048496.00,66594.00,6115090.00,66594,6048496,1100.00,1009.00,2109.00,1009,1100,0.00,0.00,0,0,48387968.00,532752.00,48920720.00,532752,48387968
1747087550.453018,s1-eth2,66594.00,6048496.00,6115090.00,6048496,66594,1009.00,1100.00,2109.00,1100,1009,0.00,0.00,0,0,532752.00,48387968.00,48920720.00,48387968,532752
1747087550.453023,s3-eth1,6055868.00,66660.00,6122528.00,66660,6055868,1102.00,1010.00,2112.00,1010,1102,0.00,0.00,0,0,48446944.00,533280.00,48980224.00,533280,48446944
1747087550.453033,s2-eth2,66660.00,6055868.00,6122528.00,6055868,66660,1010.00,1102.00,2112.00,1102,1010,0.00,0.00,0,0,533280.00,48446944.00,48980224.00,48446944,533280
1747087550.453038,s3-eth2,66594.00,6050010.00,6116604.00,6050010,66594,1009.00,1101.00,2110.00,1101,1009,0.00,0.00,0,0,532752.00,48400080.00,48932832.00,48400080,532752
1747087550.453051,total,18369162.00,18365504.00,36734668.00,18365505,18369162,6370.00,6380.00,12750.00,6380,6370,0.00,0.00,0,0,146953296.00,146924032.00,293877344.00,146924040,146953296
1747087551.453265,lo,2472.00,2472.00,4944.00,2472,2472,18.00,18.00,36.00,18,18,0.00,0.00,0,0,19776.00,19776.00,39552.00,19776,19776
1747087551.453287,ens160,0.00,0.00,0.00,0,0,0.00,0.00,0.00,0,0,0.00,0.00,0,0,0.00,0.00,0.00,0,0
1747087551.453293,s1-eth1,6050331.00,66594.00,6116925.00,66594,6050331,1104.00,1009.00,2113.00,1009,1104,0.00,0.00,0,0,48402648.00,532752.00,48935400.00,532752,48402648
1747087551.453301,s2-eth1,6056082.00,66701.00,6122783.00,66701,6056082,1104.00,1010.00,2114.00,1010,1104,0.00,0.00,0,0,48448656.00,533608.00,48982264.00,533608,48448656
1747087551.453310,s1-eth2,66701.00,6056082.00,6122783.00,6056082,66701,1010.00,1104.00,2114.00,1104,1010,0.00,0.00,0,0,533608.00,48448656.00,48982264.00,48448656,533608
1747087551.453318,s3-eth1,6048603.00,66808.00,6115411.00,66808,6048603,1101.00,1011.00,2112.00,1011,1101,0.00,0.00,0,0,48388824.00,534464.00,48923288.00,534464,48388824
1747087551.453337,s2-eth2,66808.00,6048603.00,6115411.00,6048603,66808,1011.00,1101.00,2112.00,1101,1011,0.00,0.00,0,0,534464.00,48388824.00,48923288.00,48388824,534464
1747087551.453344,s3-eth2,66915.00,6054354.00,6121269.00,6054354,66915,1012.00,1101.00,2113.00,1101,1012,0.00,0.00,0,0,535320.00,48434832.00,48970152.00,48434832,535320
1747087551.453361,total,18357912.00,18361614.00,36719528.00,18361614,18357912,6360.00,6354.00,12714.00,6354,6360,0.00,0.00,0,0,146863296.00,146892912.00,293756224.00,146892912,146863296
1747087552.453560,lo,0.00,0.00,0.00,0,0,0.00,0.00,0.00,0,0,0.00,0.00,0,0,0.00,0.00,0.00,0,0
1747087552.453584,ens160,0.00,0.00,0.00,0,0,0.00,0.00,0.00,0,0,0.00,0.00,0,0,0.00,0.00,0.00,0,0
1747087552.453589,s1-eth1,6055868.00,66660.00,6122528.00,66660,6055868,1102.00,1010.00,2112.00,1010,1102,0.00,0.00,0,0,48446944.00,533280.00,48980224.00,533280,48446944
1747087552.453596,s2-eth1,6050010.00,66660.00,6116670.00,66660,6050010,1101.00,1010.00,2111.00,1010,1101,0.00,0.00,0,0,48400080.00,533280.00,48933360.00,533280,48400080
1747087552.453602,s1-eth2,66660.00,6050010.00,6116670.00,6050010,66660,1010.00,1101.00,2111.00,1101,1010,0.00,0.00,0,0,533280.00,48400080.00,48933360.00,48400080,533280
1747087552.453606,s3-eth1,6055868.00,66594.00,6122462.00,66594,6055868,1102.00,1009.00,2111.00,1009,1102,0.00,0.00,0,0,48446944.00,532752.00,48979696.00,532752,48446944
1747087552.453617,s2-eth2,66594.00,6055868.00,6122462.00,6055868,66594,1009.00,1102.00,2111.00,1102,1009,0.00,0.00,0,0,532752.00,48446944.00,48979696.00,48446944,532752
1747087552.453622,s3-eth2,66660.00,6050010.00,6116670.00,6050010,66660,1010.00,1101.00,2111.00,1101,1010,0.00,0.00,0,0,533280.00,48400080.00,48933360.00,48400080,533280
1747087552.453638,total,18361660.00,18355802.00,36717464.00,18355802,18361660,6334.00,6333.00,12667.00,6333,6334,0.00,0.00,0,0,146893280.00,146846416.00,293739712.00,146846416,146893280
1747087553.453890,lo,0.00,0.00,0.00,0,0,0.00,0.00,0.00,0,0,0.00,0.00,0,0,0.00,0.00,0.00,0,0
1747087553.453921,ens160,0.00,0.00,0.00,0,0,0.00,0.00,0.00,0,0,0.00,0.00,0,0,0.00,0.00,0.00,0,0
1747087553.453928,s1-eth1,6050010.00,66594.00,6116604.00,66594,6050010,1101.00,1009.00,2110.00,1009,1101,0.00,0.00,0,0,48400080.00,532752.00,48932832.00,532752,48400080
1747087553.453936,s2-eth1,6050010.00,66594.00,6116604.00,66594,6050010,1101.00,1009.00,2110.00,1009,1101,0.00,0.00,0,0,48400080.00,532752.00,48932832.00,532752,48400080
1747087553.453943,s1-eth2,66594.00,6050010.00,6116604.00,6050010,66594,1009.00,1101.00,2110.00,1101,1009,0.00,0.00,0,0,532752.00,48400080.00,48932832.00,48400080,532752
1747087553.453950,s3-eth1,6050010.00,66660.00,6116670.00,66660,6050010,1101.00,1010.00,2111.00,1010,1101,0.00,0.00,0,0,48400080.00,533280.00,48933360.00,533280,48400080
1747087553.453966,s2-eth2,66660.00,6050010.00,6116670.00,6050010,66660,1010.00,1101.00,2111.00,1101,1010,0.00,0.00,0,0,533280.00,48400080.00,48933360.00,48400080,533280
1747087553.453971,s3-eth2,66594.00,6050010.00,6116604.00,6050010,66594,1009.00,1101.00,2110.00,1101,1009,0.00,0.00,0,0,532752.00,48400080.00,48932832.00,48400080,532752
1747087553.453984,total,18349878.00,18349878.00,36699756.00,18349878,18349878,6331.00,6331.00,12662.00,6331,6331,0.00,0.00,0,0,146799024.00,146799024.00,293598048.00,146799024,146799024
1747087554.454188,lo,0.00,0.00,0.00,0,0,0.00,0.00,0.00,0,0,0.00,0.00,0,0,0.00,0.00,0.00,0,0
1747087554.454215,ens160,7446.00,2255.00,9701.00,2255,7446,26.00,21.00,47.00,21,26,0.00,0.00,0,0,59568.00,18040.00,77608.00,18040,59568
1747087554.454221,s1-eth1,6054354.00,66660.00,6121014.00,66660,6054354,1101.00,1010.00,2111.00,1010,1101,0.00,0.00,0,0,48434832.00,533280.00,48968112.00,533280,48434832
1747087554.454227,s2-eth1,6054354.00,66594.00,6120948.00,66594,6054354,1101.00,1009.00,2110.00,1009,1101,0.00,0.00,0,0,48434832.00,532752.00,48967584.00,532752,48434832
1747087554.454233,s1-eth2,66594.00,6054354.00,6120948.00,6054354,66594,1009.00,1101.00,2110.00,1101,1009,0.00,0.00,0,0,532752.00,48434832.00,48967584.00,48434832,532752
1747087554.454243,s3-eth1,6050010.00,66594.00,6116604.00,66594,6050010,1101.00,1009.00,2110.00,1009,1101,0.00,0.00,0,0,48400080.00,532752.00,48932832.00,532752,48400080
1747087554.454256,s2-eth2,66594.00,6050010.00,6116604.00,6050010,66594,1009.00,1101.00,2110.00,1101,1009,0.00,0.00,0,0,532752.00,48400080.00,48932832.00,48400080,532752
1747087554.454262,s3-eth2,66594.00,6055868.00,6122462.00,6055868,66594,1009.00,1102.00,2111.00,1102,1009,0.00,0.00,0,0,532752.00,48446944.00,48979696.00,48446944,532752
1747087554.454277,total,18365946.00,18362336.00,36728280.00,18362335,18365946,6356.00,6353.00,12709.00,6353,6356,0.00,0.00,0,0,146927568.00,146898688.00,293826240.00,146898680,146927568
1747087555.454443,lo,676.00,676.00,1352.00,676,676,6.00,6.00,12.00,6,6,0.00,0.00,0,0,5408.00,5408.00,10816.00,5408,5408
1747087555.454458,ens160,16954.00,29160.00,46114.00,29160,16954,42.00,56.00,98.00,56,42,0.00,0.00,0,0,135632.00,233280.00,368912.00,233280,135632
1747087555.454465,s1-eth1,6050080.00,66594.00,6116674.00,66594,6050080,1102.00,1009.00,2111.00,1009,1102,0.00,0.00,0,0,48400640.00,532752.00,48933392.00,532752,48400640
1747087555.454472,s2-eth1,6050080.00,66660.00,6116740.00,66660,6050080,1102.00,1010.00,2112.00,1010,1102,0.00,0.00,0,0,48400640.00,533280.00,48933920.00,533280,48400640
1747087555.454477,s1-eth2,66660.00,6050080.00,6116740.00,6050080,66660,1010.00,1102.00,2112.00,1102,1010,0.00,0.00,0,0,533280.00,48400640.00,48933920.00,48400640,533280
1747087555.454482,s3-eth1,6054424.00,66660.00,6121084.00,66660,6054424,1102.00,1010.00,2112.00,1010,1102,0.00,0.00,0,0,48435392.00,533280.00,48968672.00,533280,48435392
1747087555.454492,s2-eth2,66660.00,6054424.00,6121084.00,6054424,66660,1010.00,1102.00,2112.00,1102,1010,0.00,0.00,0,0,533280.00,48435392.00,48968672.00,48435392,533280
1747087555.454497,s3-eth2,66660.00,6048496.00,6115156.00,6048496,66660,1010.00,1100.00,2110.00,1100,1010,0.00,0.00,0,0,533280.00,48387968.00,48921248.00,48387968,533280
1747087555.454506,total,18372194.00,18382750.00,36754944.00,18382750,18372194,6384.00,6395.00,12779.00,6395,6384,0.00,0.00,0,0,146977552.00,147062000.00,294039552.00,147062000,146977552
1747087556.454716,lo,676.00,676.00,1352.00,676,676,6.00,6.00,12.00,6,6,0.00,0.00,0,0,5408.00,5408.00,10816.00,5408,5408
1747087556.454743,ens160,15774.00,1935.00,17709.00,1935,15774,19.00,18.00,37.00,18,19,0.00,0.00,0,0,126192.00,15480.00,141672.00,15480,126192
1747087556.454752,s1-eth1,6050010.00,66594.00,6116604.00,66594,6050010,1101.00,1009.00,2110.00,1009,1101,0.00,0.00,0,0,48400080.00,532752.00,48932832.00,532752,48400080
1747087556.454757,s2-eth1,6055868.00,66664.00,6122532.00,66664,6055868,1102.00,1010.00,2112.00,1010,1102,0.00,0.00,0,0,48446944.00,533312.00,48980256.00,533312,48446944
1747087556.454763,s1-eth2,66664.00,6055868.00,6122532.00,6055868,66664,1010.00,1102.00,2112.00,1102,1010,0.00,0.00,0,0,533312.00,48446944.00,48980256.00,48446944,533312
1747087556.454767,s3-eth1,6050010.00,66664.00,6116674.00,66664,6050010,1101.00,1010.00,2111.00,1010,1101,0.00,0.00,0,0,48400080.00,533312.00,48933392.00,533312,48400080
1747087556.454778,s2-eth2,66664.00,6050010.00,6116674.00,6050010,66664,1010.00,1101.00,2111.00,1101,1010,0.00,0.00,0,0,533312.00,48400080.00,48933392.00,48400080,533312
1747087556.454783,s3-eth2,66734.00,6055868.00,6122602.00,6055868,66734,1011.00,1102.00,2113.00,1102,1011,0.00,0.00,0,0,533872.00,48446944.00,48980816.00,48446944,533872
1747087556.454792,total,18372400.00,18364280.00,36736680.00,18364279,18372400,6360.00,6358.00,12718.00,6358,6360,0.00,0.00,0,0,146979200.00,146914240.00,293893440.00,146914232,146979200
1747087557.454957,lo,2366.00,2366.00,4732.00,2366,2366,21.00,21.00,42.00,21,21,0.00,0.00,0,0,18928.00,18928.00,37856.00,18928,18928
1747087557.454973,ens160,2818.00,5706.00,8524.00,5706,2818,6.00,10.00,16.00,10,6,0.00,0.00,0,0,22544.00,45648.00,68192.00,45648,22544
1747087557.454979,s1-eth1,6050220.00,66664.00,6116884.00,66664,6050220,1104.00,1010.00,2114.00,1010,1104,0.00,0.00,0,0,48401760.00,533312.00,48935072.00,533312,48401760
1747087557.454986,s2-eth1,6050150.00,66730.00,6116880.00,66730,6050150,1103.00,1011.00,2114.00,1011,1103,0.00,0.00,0,0,48401200.00,533840.00,48935040.00,533840,48401200
1747087557.454993,s1-eth2,66730.00,6050150.00,6116880.00,6050150,66730,1011.00,1103.00,2114.00,1103,1011,0.00,0.00,0,0,533840.00,48401200.00,48935040.00,48401200,533840
1747087557.454999,s3-eth1,6050080.00,66730.00,6116810.00,66730,6050080,1102.00,1011.00,2113.00,1011,1102,0.00,0.00,0,0,48400640.00,533840.00,48934480.00,533840,48400640
1747087557.455010,s2-eth2,66730.00,6050080.00,6116810.00,6050080,66730,1011.00,1102.00,2113.00,1102,1011,0.00,0.00,0,0,533840.00,48400640.00,48934480.00,48400640,533840
1747087557.455017,s3-eth2,66730.00,6050080.00,6116810.00,6050080,66730,1011.00,1102.00,2113.00,1102,1011,0.00,0.00,0,0,533840.00,48400640.00,48934480.00,48400640,533840
1747087557.455026,total,18355824.00,18358506.00,36714328.00,18358506,18355824,6369.00,6370.00,12739.00,6370,6369,0.00,0.00,0,0,146846592.00,146868048.00,293714624.00,146868048,146846592
1747087558.455199,lo,338.00,338.00,676.00,338,338,3.00,3.00,6.00,3,3,0.00,0.00,0,0,2704.00,2704.00,5408.00,2704,2704
1747087558.455216,ens160,33760.00,30024.00,63784.00,30024,33760,69.00,78.00,147.00,78,69,0.00,0.00,0,0,270080.00,240192.00,510272.00,240192,270080
1747087558.455223,s1-eth1,6054354.00,66660.00,6121014.00,66660,6054354,1101.00,1010.00,2111.00,1010,1101,0.00,0.00,0,0,48434832.00,533280.00,48968112.00,533280,48434832
1747087558.455228,s2-eth1,6048496.00,66594.00,6115090.00,66594,6048496,1100.00,1009.00,2109.00,1009,1100,0.00,0.00,0,0,48387968.00,532752.00,48920720.00,532752,48387968
1747087558.455233,s1-eth2,66594.00,6048496.00,6115090.00,6048496,66594,1009.00,1100.00,2109.00,1100,1009,0.00,0.00,0,0,532752.00,48387968.00,48920720.00,48387968,532752
1747087558.455238,s3-eth1,6050010.00,66664.00,6116674.00,66664,6050010,1101.00,1010.00,2111.00,1010,1101,0.00,0.00,0,0,48400080.00,533312.00,48933392.00,533312,48400080
1747087558.455249,s2-eth2,66664.00,6050010.00,6116674.00,6050010,66664,1010.00,1101.00,2111.00,1101,1010,0.00,0.00,0,0,533312.00,48400080.00,48933392.00,48400080,533312
1747087558.455254,s3-eth2,66664.00,6050010.00,6116674.00,6050010,66664,1010.00,1101.00,2111.00,1101,1010,0.00,0.00,0,0,533312.00,48400080.00,48933392.00,48400080,533312
1747087558.455263,total,18386880.00,18378796.00,36765676.00,18378796,18386880,6403.00,6412.00,12815.00,6412,6403,0.00,0.00,0,0,147095040.00,147030368.00,294125408.00,147030368,147095040
1747087559.455385,lo,2472.00,2472.00,4944.00,2472,2472,18.00,18.00,36.00,18,18,0.00,0.00,0,0,19776.00,19776.00,39552.00,19776,19776
1747087559.455401,ens160,6553.00,15273.00,21826.00,15273,6553,29.00,36.00,65.00,36,29,0.00,0.00,0,0,52424.00,122184.00,174608.00,122184,52424
1747087559.455407,s1-eth1,6050331.00,66594.00,6116925.00,66594,6050331,1104.00,1009.00,2113.00,1009,1104,0.00,0.00,0,0,48402648.00,532752.00,48935400.00,532752,48402648
1747087559.455413,s2-eth1,6056082.00,66701.00,6122783.00,66701,6056082,1104.00,1010.00,2114.00,1010,1104,0.00,0.00,0,0,48448656.00,533608.00,48982264.00,533608,48448656
1747087559.455419,s1-eth2,66701.00,6056082.00,6122783.00,6056082,66701,1010.00,1104.00,2114.00,1104,1010,0.00,0.00,0,0,533608.00,48448656.00,48982264.00,48448656,533608
1747087559.455425,s3-eth1,6054461.00,66808.00,6121269.00,66808,6054461,1102.00,1011.00,2113.00,1011,1102,0.00,0.00,0,0,48435688.00,534464.00,48970152.00,534464,48435688
1747087559.455438,s2-eth2,66808.00,6054461.00,6121269.00,6054461,66808,1011.00,1102.00,2113.00,1102,1011,0.00,0.00,0,0,534464.00,48435688.00,48970152.00,48435688,534464
1747087559.455444,s3-eth2,66915.00,6050010.00,6116925.00,6050010,66915,1012.00,1101.00,2113.00,1101,1012,0.00,0.00,0,0,535320.00,48400080.00,48935400.00,48400080,535320
1747087559.455461,total,18370324.00,18378400.00,36748724.00,18378401,18370323,6390.00,6391.00,12781.00,6391,6390,0.00,0.00,0,0,146962592.00,147027200.00,293989792.00,147027208,146962584
1747087560.455652,lo,0.00,0.00,0.00,0,0,0.00,0.00,0.00,0,0,0.00,0.00,0,0,0.00,0.00,0.00,0,0
1747087560.455669,ens160,52397.00,2500.00,54897.00,2500,52397,37.00,37.00,74.00,37,37,0.00,0.00,0,0,419176.00,20000.00,439176.00,20000,419176
1747087560.455677,s1-eth1,6050010.00,66594.00,6116604.00,66594,6050010,1101.00,1009.00,2110.00,1009,1101,0.00,0.00,0,0,48400080.00,532752.00,48932832.00,532752,48400080
1747087560.455683,s2-eth1,6050010.00,66594.00,6116604.00,66594,6050010,1101.00,1009.00,2110.00,1009,1101,0.00,0.00,0,0,48400080.00,532752.00,48932832.00,532752,48400080
1747087560.455688,s1-eth2,66594.00,6050010.00,6116604.00,6050010,66594,1009.00,1101.00,2110.00,1101,1009,0.00,0.00,0,0,532752.00,48400080.00,48932832.00,48400080,532752
1747087560.455695,s3-eth1,6050010.00,66594.00,6116604.00,66594,6050010,1101.00,1009.00,2110.00,1009,1101,0.00,0.00,0,0,48400080.00,532752.00,48932832.00,532752,48400080
1747087560.455708,s2-eth2,66594.00,6050010.00,6116604.00,6050010,66594,1009.00,1101.00,2110.00,1101,1009,0.00,0.00,0,0,532752.00,48400080.00,48932832.00,48400080,532752
1747087560.455713,s3-eth2,66594.00,6054354.00,6120948.00,6054354,66594,1009.00,1101.00,2110.00,1101,1009,0.00,0.00,0,0,532752.00,48434832.00,48967584.00,48434832,532752
1747087560.455723,total,18402208.00,18356656.00,36758864.00,18356656,18402209,6367.00,6367.00,12734.00,6367,6367,0.00,0.00,0,0,147217664.00,146853248.00,294070912.00,146853248,147217672
1747087561.455966,lo,0.00,0.00,0.00,0,0,0.00,0.00,0.00,0,0,0.00,0.00,0,0,0.00,0.00,0.00,0,0
1747087561.455992,ens160,54.00,523.00,577.00,523,54,1.00,1.00,2.00,1,1,0.00,0.00,0,0,432.00,4184.00,4616.00,4184,432
1747087561.456000,s1-eth1,6055868.00,66660.00,6122528.00,66660,6055868,1102.00,1010.00,2112.00,1010,1102,0.00,0.00,0,0,48446944.00,533280.00,48980224.00,533280,48446944
1747087561.456009,s2-eth1,6050010.00,66660.00,6116670.00,66660,6050010,1101.00,1010.00,2111.00,1010,1101,0.00,0.00,0,0,48400080.00,533280.00,48933360.00,533280,48400080
1747087561.456017,s1-eth2,66660.00,6050010.00,6116670.00,6050010,66660,1010.00,1101.00,2111.00,1101,1010,0.00,0.00,0,0,533280.00,48400080.00,48933360.00,48400080,533280
1747087561.456025,s3-eth1,6055868.00,66660.00,6122528.00,66660,6055868,1102.00,1010.00,2112.00,1010,1102,0.00,0.00,0,0,48446944.00,533280.00,48980224.00,533280,48446944
1747087561.456044,s2-eth2,66660.00,6055868.00,6122528.00,6055868,66660,1010.00,1102.00,2112.00,1102,1010,0.00,0.00,0,0,533280.00,48446944.00,48980224.00,48446944,533280
1747087561.456056,s3-eth2,66660.00,6050010.00,6116670.00,6050010,66660,1010.00,1101.00,2111.00,1101,1010,0.00,0.00,0,0,533280.00,48400080.00,48933360.00,48400080,533280
1747087561.456071,total,18361780.00,18356392.00,36718172.00,18356391,18361780,6336.00,6335.00,12671.00,6335,6336,0.00,0.00,0,0,146894240.00,146851136.00,293745376.00,146851128,146894240
1747087562.456249,lo,0.00,0.00,0.00,0,0,0.00,0.00,0.00,0,0,0.00,0.00,0,0,0.00,0.00,0.00,0,0
1747087562.456269,ens160,14489.00,1614.00,16103.00,1614,14489,16.00,16.00,32.00,16,16,0.00,0.00,0,0,115912.00,12912.00,128824.00,12912,115912
1747087562.456278,s1-eth1,6051136.00,70290.00,6121426.00,70290,6051136,1140.00,1065.00,2205.00,1065,1140,0.00,0.00,0,0,48409088.00,562320.00,48971408.00,562320,48409088
1747087562.456284,s2-eth1,6058508.00,70290.00,6128798.00,70290,6058508,1142.00,1065.00,2207.00,1065,1142,0.00,0.00,0,0,48468064.00,562320.00,49030384.00,562320,48468064
1747087562.456290,s1-eth2,70290.00,6058508.00,6128798.00,6058508,70290,1065.00,1142.00,2207.00,1142,1065,0.00,0.00,0,0,562320.00,48468064.00,49030384.00,48468064,562320
1747087562.456296,s3-eth1,6052650.00,70290.00,6122940.00,70290,6052650,1141.00,1065.00,2206.00,1065,1141,0.00,0.00,0,0,48421200.00,562320.00,48983520.00,562320,48421200
1747087562.456307,s2-eth2,70290.00,6052650.00,6122940.00,6052650,70290,1065.00,1141.00,2206.00,1141,1065,0.00,0.00,0,0,562320.00,48421200.00,48983520.00,48421200,562320
1747087562.456313,s3-eth2,70290.00,6058508.00,6128798.00,6058508,70290,1065.00,1142.00,2207.00,1142,1065,0.00,0.00,0,0,562320.00,48468064.00,49030384.00,48468064,562320
1747087562.456323,total,18387652.00,18382150.00,36769804.00,18382150,18387653,6634.00,6636.00,13270.00,6636,6634,0.00,0.00,0,0,147101216.00,147057200.00,294158432.00,147057200,147101224
1747087563.456532,lo,0.00,0.00,0.00,0,0,0.00,0.00,0.00,0,0,0.00,0.00,0,0,0.00,0.00,0.00,0,0
1747087563.456551,ens160,3134.00,3760.00,6894.00,3760,3134,17.00,20.00,37.00,20,17,0.00,0.00,0,0,25072.00,30080.00,55152.00,30080,25072
1747087563.456559,s1-eth1,6050010.00,66594.00,6116604.00,66594,6050010,1101.00,1009.00,2110.00,1009,1101,0.00,0.00,0,0,48400080.00,532752.00,48932832.00,532752,48400080
1747087563.456567,s2-eth1,6048496.00,66594.00,6115090.00,66594,6048496,1100.00,1009.00,2109.00,1009,1100,0.00,0.00,0,0,48387968.00,532752.00,48920720.00,532752,48387968
1747087563.456612,s1-eth2,66594.00,6048496.00,6115090.00,6048496,66594,1009.00,1100.00,2109.00,1100,1009,0.00,0.00,0,0,532752.00,48387968.00,48920720.00,48387968,532752
1747087563.456619,s3-eth1,6048496.00,66594.00,6115090.00,66594,6048496,1100.00,1009.00,2109.00,1009,1100,0.00,0.00,0,0,48387968.00,532752.00,48920720.00,532752,48387968
1747087563.456633,s2-eth2,66594.00,6048496.00,6115090.00,6048496,66594,1009.00,1100.00,2109.00,1100,1009,0.00,0.00,0,0,532752.00,48387968.00,48920720.00,48387968,532752
1747087563.456640,s3-eth2,66594.00,6050010.00,6116604.00,6050010,66594,1009.00,1101.00,2110.00,1101,1009,0.00,0.00,0,0,532752.00,48400080.00,48932832.00,48400080,532752
1747087563.456652,total,18349918.00,18350544.00,36700464.00,18350544,18349918,6345.00,6348.00,12693.00,6348,6345,0.00,0.00,0,0,146799344.00,146804352.00,293603712.00,146804352,146799344
1747087564.456816,lo,516.00,516.00,1032.00,516,516,9.00,9.00,18.00,9,9,0.00,0.00,0,0,4128.00,4128.00,8256.00,4128,4128
1747087564.456835,ens160,2613.00,2356.00,4969.00,2356,2613,18.00,18.00,36.00,18,18,0.00,0.00,0,0,20904.00,18848.00,39752.00,18848,20904
1747087564.456841,s1-eth1,6055868.00,66660.00,6122528.00,66660,6055868,1102.00,1010.00,2112.00,1010,1102,0.00,0.00,0,0,48446944.00,533280.00,48980224.00,533280,48446944
1747087564.456847,s2-eth1,6055868.00,66660.00,6122528.00,66660,6055868,1102.00,1010.00,2112.00,1010,1102,0.00,0.00,0,0,48446944.00,533280.00,48980224.00,533280,48446944
1747087564.456852,s1-eth2,66660.00,6055868.00,6122528.00,6055868,66660,1010.00,1102.00,2112.00,1102,1010,0.00,0.00,0,0,533280.00,48446944.00,48980224.00,48446944,533280
1747087564.456857,s3-eth1,6055868.00,66660.00,6122528.00,66660,6055868,1102.00,1010.00,2112.00,1010,1102,0.00,0.00,0,0,48446944.00,533280.00,48980224.00,533280,48446944
1747087564.456868,s2-eth2,66660.00,6055868.00,6122528.00,6055868,66660,1010.00,1102.00,2112.00,1102,1010,0.00,0.00,0,0,533280.00,48446944.00,48980224.00,48446944,533280
1747087564.456874,s3-eth2,66660.00,6054354.00,6121014.00,6054354,66660,1010.00,1101.00,2111.00,1101,1010,0.00,0.00,0,0,533280.00,48434832.00,48968112.00,48434832,533280
1747087564.456884,total,18370712.00,18368942.00,36739656.00,18368942,18370713,6363.00,6362.00,12725.00,6362,6363,0.00,0.00,0,0,146965696.00,146951536.00,293917248.00,146951536,146965704
1747087565.457140,lo,0.00,0.00,0.00,0,0,0.00,0.00,0.00,0,0,0.00,0.00,0,0,0.00,0.00,0.00,0,0
1747087565.457167,ens160,7781.00,12576.00,20357.00,12576,7781,21.00,27.00,48.00,27,21,0.00,0.00,0,0,62248.00,100608.00,162856.00,100608,62248
1747087565.457183,s1-eth1,6050010.00,66594.00,6116604.00,66594,6050010,1101.00,1009.00,2110.00,1009,1101,0.00,0.00,0,0,48400080.00,532752.00,48932832.00,532752,48400080
1747087565.457191,s2-eth1,6050010.00,66594.00,6116604.00,66594,6050010,1101.00,1009.00,2110.00,1009,1101,0.00,0.00,0,0,48400080.00,532752.00,48932832.00,532752,48400080
1747087565.457199,s1-eth2,66594.00,6050010.00,6116604.00,6050010,66594,1009.00,1101.00,2110.00,1101,1009,0.00,0.00,0,0,532752.00,48400080.00,48932832.00,48400080,532752
1747087565.457207,s3-eth1,6050010.00,66594.00,6116604.00,66594,6050010,1101.00,1009.00,2110.00,1009,1101,0.00,0.00,0,0,48400080.00,532752.00,48932832.00,532752,48400080
1747087565.457226,s2-eth2,66594.00,6050010.00,6116604.00,6050010,66594,1009.00,1101.00,2110.00,1101,1009,0.00,0.00,0,0,532752.00,48400080.00,48932832.00,48400080,532752
1747087565.457234,s3-eth2,66594.00,6050010.00,6116604.00,6050010,66594,1009.00,1101.00,2110.00,1101,1009,0.00,0.00,0,0,532752.00,48400080.00,48932832.00,48400080,532752
1747087565.457249,total,18357592.00,18362388.00,36719980.00,18362388,18357593,6351.00,6357.00,12708.00,6357,6351,0.00,0.00,0,0,146860736.00,146899104.00,293759840.00,146899104,146860744
1747087566.457584,lo,0.00,0.00,0.00,0,0,0.00,0.00,0.00,0,0,0.00,0.00,0,0,0.00,0.00,0.00,0,0
1747087566.457615,ens160,9622.00,668.00,10290.00,668,9622,9.00,9.00,18.00,9,9,0.00,0.00,0,0,76976.00,5344.00,82320.00,5344,76976
1747087566.457625,s1-eth1,6048496.00,66594.00,6115090.00,66594,6048496,1100.00,1009.00,2109.00,1009,1100,0.00,0.00,0,0,48387968.00,532752.00,48920720.00,532752,48387968
1747087566.457642,s2-eth1,6044152.00,66594.00,6110746.00,66594,6044152,1100.00,1009.00,2109.00,1009,1100,0.00,0.00,0,0,48353216.00,532752.00,48885968.00,532752,48353216
1747087566.457653,s1-eth2,66594.00,6044152.00,6110746.00,6044152,66594,1009.00,1100.00,2109.00,1100,1009,0.00,0.00,0,0,532752.00,48353216.00,48885968.00,48353216,532752
1747087566.457661,s3-eth1,6050010.00,66594.00,6116604.00,66594,6050010,1101.00,1009.00,2110.00,1009,1101,0.00,0.00,0,0,48400080.00,532752.00,48932832.00,532752,48400080
1747087566.457682,s2-eth2,66594.00,6050010.00,6116604.00,6050010,66594,1009.00,1101.00,2110.00,1101,1009,0.00,0.00,0,0,532752.00,48400080.00,48932832.00,48400080,532752
1747087566.457691,s3-eth2,66594.00,6050010.00,6116604.00,6050010,66594,1009.00,1101.00,2110.00,1101,1009,0.00,0.00,0,0,532752.00,48400080.00,48932832.00,48400080,532752
1747087566.457713,total,18352062.00,18344622.00,36696684.00,18344622,18352062,6337.00,6338.00,12675.00,6338,6337,0.00,0.00,0,0,146816496.00,146756976.00,293573472.00,146756976,146816496
1747087567.458010,lo,0.00,0.00,0.00,0,0,0.00,0.00,0.00,0,0,0.00,0.00,0,0,0.00,0.00,0.00,0,0
1747087567.458038,ens160,0.00,0.00,0.00,0,0,0.00,0.00,0.00,0,0,0.00,0.00,0,0,0.00,0.00,0.00,0,0
1747087567.458051,s1-eth1,6050010.00,66594.00,6116604.00,66594,6050010,1101.00,1009.00,2110.00,1009,1101,0.00,0.00,0,0,48400080.00,532752.00,48932832.00,532752,48400080
1747087567.458066,s2-eth1,6054354.00,66594.00,6120948.00,66594,6054354,1101.00,1009.00,2110.00,1009,1101,0.00,0.00,0,0,48434832.00,532752.00,48967584.00,532752,48434832
1747087567.458080,s1-eth2,66594.00,6054354.00,6120948.00,6054354,66594,1009.00,1101.00,2110.00,1101,1009,0.00,0.00,0,0,532752.00,48434832.00,48967584.00,48434832,532752
1747087567.458093,s3-eth1,6048496.00,66528.00,6115024.00,66528,6048496,1100.00,1008.00,2108.00,1008,1100,0.00,0.00,0,0,48387968.00,532224.00,48920192.00,532224,48387968
1747087567.458120,s2-eth2,66528.00,6048496.00,6115024.00,6048496,66528,1008.00,1100.00,2108.00,1100,1008,0.00,0.00,0,0,532224.00,48387968.00,48920192.00,48387968,532224
1747087567.458133,s3-eth2,66594.00,6042638.00,6109232.00,6042638,66594,1009.00,1099.00,2108.00,1099,1009,0.00,0.00,0,0,532752.00,48341104.00,48873856.00,48341104,532752
1747087567.458159,total,18352576.00,18345204.00,36697780.00,18345204,18352576,6328.00,6326.00,12654.00,6326,6328,0.00,0.00,0,0,146820608.00,146761632.00,293582240.00,146761632,146820608
1747087568.458462,lo,0.00,0.00,0.00,0,0,0.00,0.00,0.00,0,0,0.00,0.00,0,0,0.00,0.00,0.00,0,0
1747087568.458495,ens160,0.00,0.00,0.00,0,0,0.00,0.00,0.00,0,0,0.00,0.00,0,0,0.00,0.00,0.00,0,0
1747087568.458508,s1-eth1,6050010.00,66594.00,6116604.00,66594,6050010,1101.00,1009.00,2110.00,1009,1101,0.00,0.00,0,0,48400080.00,532752.00,48932832.00,532752,48400080
1747087568.458524,s2-eth1,6044152.00,66594.00,6110746.00,66594,6044152,1100.00,1009.00,2109.00,1009,1100,0.00,0.00,0,0,48353216.00,532752.00,48885968.00,532752,48353216
1747087568.458538,s1-eth2,66594.00,6044152.00,6110746.00,6044152,66594,1009.00,1100.00,2109.00,1100,1009,0.00,0.00,0,0,532752.00,48353216.00,48885968.00,48353216,532752
1747087568.458551,s3-eth1,6050010.00,66660.00,6116670.00,66660,6050010,1101.00,1010.00,2111.00,1010,1101,0.00,0.00,0,0,48400080.00,533280.00,48933360.00,533280,48400080
1747087568.458582,s2-eth2,66660.00,6050010.00,6116670.00,6050010,66660,1010.00,1101.00,2111.00,1101,1010,0.00,0.00,0,0,533280.00,48400080.00,48933360.00,48400080,533280
1747087568.458595,s3-eth2,66594.00,6050010.00,6116604.00,6050010,66594,1009.00,1101.00,2110.00,1101,1009,0.00,0.00,0,0,532752.00,48400080.00,48932832.00,48400080,532752
1747087568.458626,total,18344020.00,18344020.00,36688040.00,18344020,18344020,6330.00,6330.00,12660.00,6330,6330,0.00,0.00,0,0,146752160.00,146752160.00,293504320.00,146752160,146752160
1747087569.458944,lo,516.00,516.00,1032.00,516,516,9.00,9.00,18.00,9,9,0.00,0.00,0,0,4128.00,4128.00,8256.00,4128,4128
1747087569.458969,ens160,0.00,0.00,0.00,0,0,0.00,0.00,0.00,0,0,0.00,0.00,0,0,0.00,0.00,0.00,0,0
1747087569.458979,s1-eth1,6058838.00,70554.00,6129392.00,70554,6058838,1147.00,1069.00,2216.00,1069,1147,0.00,0.00,0,0,48470704.00,564432.00,49035136.00,564432,48470704
1747087569.458987,s2-eth1,6058838.00,70554.00,6129392.00,70554,6058838,1147.00,1069.00,2216.00,1069,1147,0.00,0.00,0,0,48470704.00,564432.00,49035136.00,564432,48470704
1747087569.458993,s1-eth2,70554.00,6058838.00,6129392.00,6058838,70554,1069.00,1147.00,2216.00,1147,1069,0.00,0.00,0,0,564432.00,48470704.00,49035136.00,48470704,564432
1747087569.458999,s3-eth1,6058838.00,70554.00,6129392.00,70554,6058838,1147.00,1069.00,2216.00,1069,1147,0.00,0.00,0,0,48470704.00,564432.00,49035136.00,564432,48470704
1747087569.459013,s2-eth2,70554.00,6058838.00,6129392.00,6058838,70554,1069.00,1147.00,2216.00,1147,1069,0.00,0.00,0,0,564432.00,48470704.00,49035136.00,48470704,564432
1747087569.459019,s3-eth2,70554.00,6058838.00,6129392.00,6058838,70554,1069.00,1147.00,2216.00,1147,1069,0.00,0.00,0,0,564432.00,48470704.00,49035136.00,48470704,564432
1747087569.459031,total,18388692.00,18388692.00,36777384.00,18388692,18388692,6657.00,6657.00,13314.00,6657,6657,0.00,0.00,0,0,147109536.00,147109536.00,294219072.00,147109536,147109536
1747087570.459323,lo,1352.00,1352.00,2704.00,1352,1352,12.00,12.00,24.00,12,12,0.00,0.00,0,0,10816.00,10816.00,21632.00,10816,10816
1747087570.459353,ens160,0.00,0.00,0.00,0,0,0.00,0.00,0.00,0,0,0.00,0.00,0,0,0.00,0.00,0.00,0,0
1747087570.459363,s1-eth1,6048632.00,67056.00,6115688.00,67056,6048632,1102.00,1016.00,2118.00,1016,1102,0.00,0.00,0,0,48389056.00,536448.00,48925504.00,536448,48389056
1747087570.459375,s2-eth1,6048632.00,67126.00,6115758.00,67126,6048632,1102.00,1017.00,2119.00,1017,1102,0.00,0.00,0,0,48389056.00,537008.00,48926064.00,537008,48389056
1747087570.459387,s1-eth2,67126.00,6048632.00,6115758.00,6048632,67126,1017.00,1102.00,2119.00,1102,1017,0.00,0.00,0,0,537008.00,48389056.00,48926064.00,48389056,537008
1747087570.459398,s3-eth1,6050146.00,67126.00,6117272.00,67126,6050146,1103.00,1017.00,2120.00,1017,1103,0.00,0.00,0,0,48401168.00,537008.00,48938176.00,537008,48401168
1747087570.459423,s2-eth2,67126.00,6050146.00,6117272.00,6050146,67126,1017.00,1103.00,2120.00,1103,1017,0.00,0.00,0,0,537008.00,48401168.00,48938176.00,48401168,537008
1747087570.459439,s3-eth2,67126.00,6050076.00,6117202.00,6050076,67126,1017.00,1102.00,2119.00,1102,1017,0.00,0.00,0,0,537008.00,48400608.00,48937616.00,48400608,537008
1747087570.459461,total,18350140.00,18351514.00,36701656.00,18351514,18350140,6370.00,6369.00,12739.00,6369,6370,0.00,0.00,0,0,146801120.00,146812112.00,293613248.00,146812112,146801120
1747087571.459656,lo,0.00,0.00,0.00,0,0,0.00,0.00,0.00,0,0,0.00,0.00,0,0,0.00,0.00,0.00,0,0
1747087571.459673,ens160,0.00,0.00,0.00,0,0,0.00,0.00,0.00,0,0,0.00,0.00,0,0,0.00,0.00,0.00,0,0
1747087571.459677,s1-eth1,6055868.00,66594.00,6122462.00,66594,6055868,1102.00,1009.00,2111.00,1009,1102,0.00,0.00,0,0,48446944.00,532752.00,48979696.00,532752,48446944
1747087571.459683,s2-eth1,6055868.00,66594.00,6122462.00,66594,6055868,1102.00,1009.00,2111.00,1009,1102,0.00,0.00,0,0,48446944.00,532752.00,48979696.00,532752,48446944
1747087571.459702,s1-eth2,66594.00,6055868.00,6122462.00,6055868,66594,1009.00,1102.00,2111.00,1102,1009,0.00,0.00,0,0,532752.00,48446944.00,48979696.00,48446944,532752
1747087571.459709,s3-eth1,6054354.00,66594.00,6120948.00,66594,6054354,1101.00,1009.00,2110.00,1009,1101,0.00,0.00,0,0,48434832.00,532752.00,48967584.00,532752,48434832
1747087571.459724,s2-eth2,66594.00,6054354.00,6120948.00,6054354,66594,1009.00,1101.00,2110.00,1101,1009,0.00,0.00,0,0,532752.00,48434832.00,48967584.00,48434832,532752
1747087571.459729,s3-eth2,66594.00,6055868.00,6122462.00,6055868,66594,1009.00,1102.00,2111.00,1102,1009,0.00,0.00,0,0,532752.00,48446944.00,48979696.00,48446944,532752
1747087571.459738,total,18365872.00,18365872.00,36731744.00,18365872,18365872,6332.00,6332.00,12664.00,6332,6332,0.00,0.00,0,0,146926976.00,146926976.00,293853952.00,146926976,146926976
1747087572.460069,lo,1014.00,1014.00,2028.00,1014,1014,9.00,9.00,18.00,9,9,0.00,0.00,0,0,8112.00,8112.00,16224.00,8112,8112
1747087572.460096,ens160,0.00,0.00,0.00,0,0,0.00,0.00,0.00,0,0,0.00,0.00,0,0,0.00,0.00,0.00,0,0
1747087572.460101,s1-eth1,6050080.00,66660.00,6116740.00,66660,6050080,1102.00,1010.00,2112.00,1010,1102,0.00,0.00,0,0,48400640.00,533280.00,48933920.00,533280,48400640
1747087572.460108,s2-eth1,6050080.00,66660.00,6116740.00,66660,6050080,1102.00,1010.00,2112.00,1010,1102,0.00,0.00,0,0,48400640.00,533280.00,48933920.00,533280,48400640
1747087572.460121,s1-eth2,66660.00,6050080.00,6116740.00,6050080,66660,1010.00,1102.00,2112.00,1102,1010,0.00,0.00,0,0,533280.00,48400640.00,48933920.00,48400640,533280
1747087572.460127,s3-eth1,6050080.00,66660.00,6116740.00,66660,6050080,1102.00,1010.00,2112.00,1010,1102,0.00,0.00,0,0,48400640.00,533280.00,48933920.00,533280,48400640
1747087572.460141,s2-eth2,66660.00,6050080.00,6116740.00,6050080,66660,1010.00,1102.00,2112.00,1102,1010,0.00,0.00,0,0,533280.00,48400640.00,48933920.00,48400640,533280
1747087572.460146,s3-eth2,66660.00,6048566.00,6115226.00,6048566,66660,1010.00,1101.00,2111.00,1101,1010,0.00,0.00,0,0,533280.00,48388528.00,48921808.00,48388528,533280
1747087572.460158,total,18351234.00,18349720.00,36700952.00,18349720,18351234,6345.00,6344.00,12689.00,6344,6345,0.00,0.00,0,0,146809872.00,146797760.00,293607616.00,146797760,146809872
1747087573.460412,lo,0.00,0.00,0.00,0,0,0.00,0.00,0.00,0,0,0.00,0.00,0,0,0.00,0.00,0.00,0,0
1747087573.460432,ens160,0.00,0.00,0.00,0,0,0.00,0.00,0.00,0,0,0.00,0.00,0,0,0.00,0.00,0.00,0,0
1747087573.460440,s1-eth1,6050010.00,66594.00,6116604.00,66594,6050010,1101.00,1009.00,2110.00,1009,1101,0.00,0.00,0,0,48400080.00,532752.00,48932832.00,532752,48400080
1747087573.460449,s2-eth1,6055868.00,66594.00,6122462.00,66594,6055868,1102.00,1009.00,2111.00,1009,1102,0.00,0.00,0,0,48446944.00,532752.00,48979696.00,532752,48446944
1747087573.460457,s1-eth2,66594.00,6055868.00,6122462.00,6055868,66594,1009.00,1102.00,2111.00,1102,1009,0.00,0.00,0,0,532752.00,48446944.00,48979696.00,48446944,532752
1747087573.460464,s3-eth1,6050010.00,66594.00,6116604.00,66594,6050010,1101.00,1009.00,2110.00,1009,1101,0.00,0.00,0,0,48400080.00,532752.00,48932832.00,532752,48400080
1747087573.460480,s2-eth2,66594.00,6050010.00,6116604.00,6050010,66594,1009.00,1101.00,2110.00,1101,1009,0.00,0.00,0,0,532752.00,48400080.00,48932832.00,48400080,532752
1747087573.460487,s3-eth2,66664.00,6055868.00,6122532.00,6055868,66664,1010.00,1102.00,2112.00,1102,1010,0.00,0.00,0,0,533312.00,48446944.00,48980256.00,48446944,533312
1747087573.460501,total,18355740.00,18361528.00,36717268.00,18361528,18355740,6332.00,6332.00,12664.00,6332,6332,0.00,0.00,0,0,146845920.00,146892224.00,293738144.00,146892224,146845920
1747087574.460744,lo,0.00,0.00,0.00,0,0,0.00,0.00,0.00,0,0,0.00,0.00,0,0,0.00,0.00,0.00,0,0
1747087574.460771,ens160,0.00,0.00,0.00,0,0,0.00,0.00,0.00,0,0,0.00,0.00,0,0,0.00,0.00,0.00,0,0
1747087574.460778,s1-eth1,6054354.00,66660.00,6121014.00,66660,6054354,1101.00,1010.00,2111.00,1010,1101,0.00,0.00,0,0,48434832.00,533280.00,48968112.00,533280,48434832
1747087574.460787,s2-eth1,6050010.00,66660.00,6116670.00,66660,6050010,1101.00,1010.00,2111.00,1010,1101,0.00,0.00,0,0,48400080.00,533280.00,48933360.00,533280,48400080
1747087574.460796,s1-eth2,66660.00,6050010.00,6116670.00,6050010,66660,1010.00,1101.00,2111.00,1101,1010,0.00,0.00,0,0,533280.00,48400080.00,48933360.00,48400080,533280
1747087574.460803,s3-eth1,6055868.00,66660.00,6122528.00,66660,6055868,1102.00,1010.00,2112.00,1010,1102,0.00,0.00,0,0,48446944.00,533280.00,48980224.00,533280,48446944
1747087574.460825,s2-eth2,66660.00,6055868.00,6122528.00,6055868,66660,1010.00,1102.00,2112.00,1102,1010,0.00,0.00,0,0,533280.00,48446944.00,48980224.00,48446944,533280
1747087574.460832,s3-eth2,66660.00,6050010.00,6116670.00,6050010,66660,1010.00,1101.00,2111.00,1101,1010,0.00,0.00,0,0,533280.00,48400080.00,48933360.00,48400080,533280
1747087574.460847,total,18360212.00,18355868.00,36716080.00,18355868,18360212,6334.00,6334.00,12668.00,6334,6334,0.00,0.00,0,0,146881696.00,146846944.00,293728640.00,146846944,146881696
1747087575.461010,lo,3772.00,3772.00,7544.00,3772,3772,29.00,29.00,58.00,29,29,0.00,0.00,0,0,30176.00,30176.00,60352.00,30176,30176
1747087575.461029,ens160,0.00,0.00,0.00,0,0,0.00,0.00,0.00,0,0,0.00,0.00,0,0,0.00,0.00,0.00,0,0
1747087575.461034,s1-eth1,6050401.00,66664.00,6117065.00,66664,6050401,1105.00,1010.00,2115.00,1010,1105,0.00,0.00,0,0,48403208.00,533312.00,48936520.00,533312,48403208
1747087575.461040,s2-eth1,6048780.00,66771.00,6115551.00,66771,6048780,1103.00,1011.00,2114.00,1011,1103,0.00,0.00,0,0,48390240.00,534168.00,48924408.00,534168,48390240
1747087575.461045,s1-eth2,66771.00,6048780.00,6115551.00,6048780,66771,1011.00,1103.00,2114.00,1103,1011,0.00,0.00,0,0,534168.00,48390240.00,48924408.00,48390240,534168
1747087575.461051,s3-eth1,6048603.00,66878.00,6115481.00,66878,6048603,1101.00,1012.00,2113.00,1012,1101,0.00,0.00,0,0,48388824.00,535024.00,48923848.00,535024,48388824
1747087575.461062,s2-eth2,66878.00,6048603.00,6115481.00,6048603,66878,1012.00,1101.00,2113.00,1101,1012,0.00,0.00,0,0,535024.00,48388824.00,48923848.00,48388824,535024
1747087575.461066,s3-eth2,66985.00,6050010.00,6116995.00,6050010,66985,1013.00,1101.00,2114.00,1101,1013,0.00,0.00,0,0,535880.00,48400080.00,48935960.00,48400080,535880
1747087575.461076,total,18352190.00,18351478.00,36703668.00,18351478,18352190,6374.00,6367.00,12741.00,6367,6374,0.00,0.00,0,0,146817520.00,146811824.00,293629344.00,146811824,146817520
1747087576.461311,lo,52.00,52.00,104.00,52,52,1.00,1.00,2.00,1,1,0.00,0.00,0,0,416.00,416.00,832.00,416,416
1747087576.461325,ens160,0.00,0.00,0.00,0,0,0.00,0.00,0.00,0,0,0.00,0.00,0,0,0.00,0.00,0.00,0,0
1747087576.461330,s1-eth1,6055934.00,66990.00,6122924.00,66990,6055934,1103.00,1015.00,2118.00,1015,1103,0.00,0.00,0,0,48447472.00,535920.00,48983392.00,535920,48447472
1747087576.461337,s2-eth1,6055934.00,66924.00,6122858.00,66924,6055934,1103.00,1014.00,2117.00,1014,1103,0.00,0.00,0,0,48447472.00,535392.00,48982864.00,535392,48447472
1747087576.461343,s1-eth2,66990.00,6055934.00,6122924.00,6055934,66990,1015.00,1103.00,2118.00,1103,1015,0.00,0.00,0,0,535920.00,48447472.00,48983392.00,48447472,535920
1747087576.461349,s3-eth1,6055934.00,66924.00,6122858.00,66924,6055934,1103.00,1014.00,2117.00,1014,1103,0.00,0.00,0,0,48447472.00,535392.00,48982864.00,535392,48447472
1747087576.461361,s2-eth2,66924.00,6055934.00,6122858.00,6055934,66924,1014.00,1103.00,2117.00,1103,1014,0.00,0.00,0,0,535392.00,48447472.00,48982864.00,48447472,535392
1747087576.461368,s3-eth2,66924.00,6054420.00,6121344.00,6054420,66924,1014.00,1102.00,2116.00,1102,1014,0.00,0.00,0,0,535392.00,48435360.00,48970752.00,48435360,535392
1747087576.461378,total,18368692.00,18367178.00,36735872.00,18367178,18368692,6353.00,6352.00,12705.00,6352,6353,0.00,0.00,0,0,146949536.00,146937424.00,293886976.00,146937424,146949536
1747087577.461638,lo,0.00,0.00,0.00,0,0,0.00,0.00,0.00,0,0,0.00,0.00,0,0,0.00,0.00,0.00,0,0
1747087577.461668,ens160,13701.00,2048.00,15749.00,2048,13701,20.00,19.00,39.00,19,20,0.00,0.00,0,0,109608.00,16384.00,125992.00,16384,109608
1747087577.461678,s1-eth1,6052452.00,69894.00,6122346.00,69894,6052452,1138.00,1059.00,2197.00,1059,1138,0.00,0.00,0,0,48419616.00,559152.00,48978768.00,559152,48419616
1747087577.461686,s2-eth1,6052452.00,69960.00,6122412.00,69960,6052452,1138.00,1060.00,2198.00,1060,1138,0.00,0.00,0,0,48419616.00,559680.00,48979296.00,559680,48419616
1747087577.461693,s1-eth2,69894.00,6052452.00,6122346.00,6052452,69894,1059.00,1138.00,2197.00,1138,1059,0.00,0.00,0,0,559152.00,48419616.00,48978768.00,48419616,559152
1747087577.461703,s3-eth1,6052452.00,69960.00,6122412.00,69960,6052452,1138.00,1060.00,2198.00,1060,1138,0.00,0.00,0,0,48419616.00,559680.00,48979296.00,559680,48419616
1747087577.461722,s2-eth2,69960.00,6052452.00,6122412.00,6052452,69960,1060.00,1138.00,2198.00,1138,1060,0.00,0.00,0,0,559680.00,48419616.00,48979296.00,48419616,559680
1747087577.461729,s3-eth2,69960.00,6052452.00,6122412.00,6052452,69960,1060.00,1138.00,2198.00,1138,1060,0.00,0.00,0,0,559680.00,48419616.00,48979296.00,48419616,559680
1747087577.461761,total,18380872.00,18369218.00,36750088.00,18369218,18380871,6613.00,6612.00,13225.00,6612,6613,0.00,0.00,0,0,147046976.00,146953744.00,294000704.00,146953744,147046968
1747087578.462061,lo,338.00,338.00,676.00,338,338,3.00,3.00,6.00,3,3,0.00,0.00,0,0,2704.00,2704.00,5408.00,2704,2704
1747087578.462090,ens160,10689.00,121737.00,132426.00,121737,10689,25.00,100.00,125.00,100,25,0.00,0.00,0,0,85512.00,973896.00,1059408.00,973896,85512
1747087578.462100,s1-eth1,6050080.00,66660.00,6116740.00,66660,6050080,1102.00,1010.00,2112.00,1010,1102,0.00,0.00,0,0,48400640.00,533280.00,48933920.00,533280,48400640
1747087578.462108,s2-eth1,6055868.00,66660.00,6122528.00,66660,6055868,1102.00,1010.00,2112.00,1010,1102,0.00,0.00,0,0,48446944.00,533280.00,48980224.00,533280,48446944
1747087578.462117,s1-eth2,66660.00,6055868.00,6122528.00,6055868,66660,1010.00,1102.00,2112.00,1102,1010,0.00,0.00,0,0,533280.00,48446944.00,48980224.00,48446944,533280
1747087578.462125,s3-eth1,6050010.00,66664.00,6116674.00,66664,6050010,1101.00,1010.00,2111.00,1010,1101,0.00,0.00,0,0,48400080.00,533312.00,48933392.00,533312,48400080
1747087578.462145,s2-eth2,66664.00,6050010.00,6116674.00,6050010,66664,1010.00,1101.00,2111.00,1101,1010,0.00,0.00,0,0,533312.00,48400080.00,48933392.00,48400080,533312
1747087578.462153,s3-eth2,66730.00,6055868.00,6122598.00,6055868,66730,1011.00,1102.00,2113.00,1102,1011,0.00,0.00,0,0,533840.00,48446944.00,48980784.00,48446944,533840
1747087578.462170,total,18367040.00,18483804.00,36850844.00,18483805,18367039,6364.00,6438.00,12802.00,6438,6364,0.00,0.00,0,0,146936320.00,147870432.00,294806752.00,147870440,146936312
1747087579.462394,lo,0.00,0.00,0.00,0,0,0.00,0.00,0.00,0,0,0.00,0.00,0,0,0.00,0.00,0.00,0,0
1747087579.462421,ens160,54.00,0.00,54.00,0,54,1.00,0.00,1.00,0,1,0.00,0.00,0,0,432.00,0.00,432.00,0,432
1747087579.462428,s1-eth1,6054354.00,66594.00,6120948.00,66594,6054354,1101.00,1009.00,2110.00,1009,1101,0.00,0.00,0,0,48434832.00,532752.00,48967584.00,532752,48434832
1747087579.462435,s2-eth1,6048496.00,66594.00,6115090.00,66594,6048496,1100.00,1009.00,2109.00,1009,1100,0.00,0.00,0,0,48387968.00,532752.00,48920720.00,532752,48387968
1747087579.462441,s1-eth2,66594.00,6048496.00,6115090.00,6048496,66594,1009.00,1100.00,2109.00,1100,1009,0.00,0.00,0,0,532752.00,48387968.00,48920720.00,48387968,532752
1747087579.462446,s3-eth1,6055868.00,66660.00,6122528.00,66660,6055868,1102.00,1010.00,2112.00,1010,1102,0.00,0.00,0,0,48446944.00,533280.00,48980224.00,533280,48446944
1747087579.462462,s2-eth2,66660.00,6055868.00,6122528.00,6055868,66660,1010.00,1102.00,2112.00,1102,1010,0.00,0.00,0,0,533280.00,48446944.00,48980224.00,48446944,533280
1747087579.462468,s3-eth2,66594.00,6050010.00,6116604.00,6050010,66594,1009.00,1101.00,2110.00,1101,1009,0.00,0.00,0,0,532752.00,48400080.00,48932832.00,48400080,532752
1747087579.462480,total,18358620.00,18354222.00,36712840.00,18354222,18358620,6332.00,6331.00,12663.00,6331,6332,0.00,0.00,0,0,146868960.00,146833776.00,293702720.00,146833776,146868960
1747087580.462760,lo,344.00,344.00,688.00,344,344,6.00,6.00,12.00,6,6,0.00,0.00,0,0,2752.00,2752.00,5504.00,2752,2752
1747087580.462783,ens160,54.00,154.00,208.00,154,54,1.00,2.00,3.00,2,1,0.00,0.00,0,0,432.00,1232.00,1664.00,1232,432
1747087580.462789,s1-eth1,6050010.00,66594.00,6116604.00,66594,6050010,1101.00,1009.00,2110.00,1009,1101,0.00,0.00,0,0,48400080.00,532752.00,48932832.00,532752,48400080
1747087580.462797,s2-eth1,6055868.00,66594.00,6122462.00,66594,6055868,1102.00,1009.00,2111.00,1009,1102,0.00,0.00,0,0,48446944.00,532752.00,48979696.00,532752,48446944
1747087580.462811,s1-eth2,66594.00,6055868.00,6122462.00,6055868,66594,1009.00,1102.00,2111.00,1102,1009,0.00,0.00,0,0,532752.00,48446944.00,48979696.00,48446944,532752
1747087580.462818,s3-eth1,6048496.00,66594.00,6115090.00,66594,6048496,1100.00,1009.00,2109.00,1009,1100,0.00,0.00,0,0,48387968.00,532752.00,48920720.00,532752,48387968
1747087580.462834,s2-eth2,66594.00,6048496.00,6115090.00,6048496,66594,1009.00,1100.00,2109.00,1100,1009,0.00,0.00,0,0,532752.00,48387968.00,48920720.00,48387968,532752
1747087580.462845,s3-eth2,66594.00,6054354.00,6120948.00,6054354,66594,1009.00,1101.00,2110.00,1101,1009,0.00,0.00,0,0,532752.00,48434832.00,48967584.00,48434832,532752
1747087580.462859,total,18354554.00,18358998.00,36713552.00,18358998,18354554,6337.00,6338.00,12675.00,6338,6337,0.00,0.00,0,0,146836432.00,146871984.00,293708416.00,146871984,146836432
1747087581.463118,lo,1398.00,1398.00,2796.00,1398,1398,15.00,15.00,30.00,15,15,0.00,0.00,0,0,11184.00,11184.00,22368.00,11184,11184
1747087581.463154,ens160,54.00,64.00,118.00,64,54,1.00,1.00,2.00,1,1,0.00,0.00,0,0,432.00,512.00,944.00,512,432
1747087581.463166,s1-eth1,6055910.00,66966.00,6122876.00,66966,6055910,1103.00,1015.00,2118.00,1015,1103,0.00,0.00,0,0,48447280.00,535728.00,48983008.00,535728,48447280
1747087581.463180,s2-eth1,6050052.00,66966.00,6117018.00,66966,6050052,1102.00,1015.00,2117.00,1015,1102,0.00,0.00,0,0,48400416.00,535728.00,48936144.00,535728,48400416
1747087581.463192,s1-eth2,66966.00,6050052.00,6117018.00,6050052,66966,1015.00,1102.00,2117.00,1102,1015,0.00,0.00,0,0,535728.00,48400416.00,48936144.00,48400416,535728
1747087581.463203,s3-eth1,6055910.00,66966.00,6122876.00,66966,6055910,1103.00,1015.00,2118.00,1015,1103,0.00,0.00,0,0,48447280.00,535728.00,48983008.00,535728,48447280
1747087581.463229,s2-eth2,66966.00,6055910.00,6122876.00,6055910,66966,1015.00,1103.00,2118.00,1103,1015,0.00,0.00,0,0,535728.00,48447280.00,48983008.00,48447280,535728
1747087581.463240,s3-eth2,66966.00,6050052.00,6117018.00,6050052,66966,1015.00,1102.00,2117.00,1102,1015,0.00,0.00,0,0,535728.00,48400416.00,48936144.00,48400416,535728
1747087581.463262,total,18364222.00,18358374.00,36722596.00,18358374,18364222,6369.00,6368.00,12737.00,6368,6369,0.00,0.00,0,0,146913776.00,146866992.00,293780768.00,146866992,146913776
1747087582.463576,lo,0.00,0.00,0.00,0,0,0.00,0.00,0.00,0,0,0.00,0.00,0,0,0.00,0.00,0.00,0,0
1747087582.463606,ens160,1482.00,1155.00,2637.00,1155,1482,8.00,7.00,15.00,7,8,0.00,0.00,0,0,11856.00,9240.00,21096.00,9240,11856
1747087582.463617,s1-eth1,6050010.00,66660.00,6116670.00,66660,6050010,1101.00,1010.00,2111.00,1010,1101,0.00,0.00,0,0,48400080.00,533280.00,48933360.00,533280,48400080
1747087582.463628,s2-eth1,6055868.00,66660.00,6122528.00,66660,6055868,1102.00,1010.00,2112.00,1010,1102,0.00,0.00,0,0,48446944.00,533280.00,48980224.00,533280,48446944
1747087582.463638,s1-eth2,66660.00,6055868.00,6122528.00,6055868,66660,1010.00,1102.00,2112.00,1102,1010,0.00,0.00,0,0,533280.00,48446944.00,48980224.00,48446944,533280
1747087582.463649,s3-eth1,6050010.00,66660.00,6116670.00,66660,6050010,1101.00,1010.00,2111.00,1010,1101,0.00,0.00,0,0,48400080.00,533280.00,48933360.00,533280,48400080
1747087582.463668,s2-eth2,66660.00,6050010.00,6116670.00,6050010,66660,1010.00,1101.00,2111.00,1101,1010,0.00,0.00,0,0,533280.00,48400080.00,48933360.00,48400080,533280
1747087582.463677,s3-eth2,66660.00,6055868.00,6122528.00,6055868,66660,1010.00,1102.00,2112.00,1102,1010,0.00,0.00,0,0,533280.00,48446944.00,48980224.00,48446944,533280
1747087582.463695,total,18357350.00,18362880.00,36720232.00,18362881,18357350,6342.00,6342.00,12684.00,6342,6342,0.00,0.00,0,0,146858800.00,146903040.00,293761856.00,146903048,146858800
1747087583.464097,lo,0.00,0.00,0.00,0,0,0.00,0.00,0.00,0,0,0.00,0.00,0,0,0.00,0.00,0.00,0,0
1747087583.464152,ens160,2646.00,5832.00,8478.00,5832,2646,8.00,12.00,20.00,12,8,0.00,0.00,0,0,21168.00,46656.00,67824.00,46656,21168
1747087583.464167,s1-eth1,6042638.00,66528.00,6109166.00,66528,6042638,1099.00,1008.00,2107.00,1008,1099,0.00,0.00,0,0,48341104.00,532224.00,48873328.00,532224,48341104
1747087583.464178,s2-eth1,6042638.00,66528.00,6109166.00,66528,6042638,1099.00,1008.00,2107.00,1008,1099,0.00,0.00,0,0,48341104.00,532224.00,48873328.00,532224,48341104
1747087583.464190,s1-eth2,66528.00,6042638.00,6109166.00,6042638,66528,1008.00,1099.00,2107.00,1099,1008,0.00,0.00,0,0,532224.00,48341104.00,48873328.00,48341104,532224
1747087583.464201,s3-eth1,6042638.00,66462.00,6109100.00,66462,6042638,1099.00,1007.00,2106.00,1007,1099,0.00,0.00,0,0,48341104.00,531696.00,48872800.00,531696,48341104
1747087583.464244,s2-eth2,66462.00,6042638.00,6109100.00,6042638,66462,1007.00,1099.00,2106.00,1099,1007,0.00,0.00,0,0,531696.00,48341104.00,48872800.00,48341104,531696
1747087583.464256,s3-eth2,66528.00,6038294.00,6104822.00,6038294,66528,1008.00,1099.00,2107.00,1099,1008,0.00,0.00,0,0,532224.00,48306352.00,48838576.00,48306352,532224
1747087583.464280,total,18330078.00,18328920.00,36659000.00,18328920,18330078,6328.00,6332.00,12660.00,6332,6328,0.00,0.00,0,0,146640624.00,146631360.00,293272000.00,146631360,146640624
1747087584.464654,lo,0.00,0.00,0.00,0,0,0.00,0.00,0.00,0,0,0.00,0.00,0,0,0.00,0.00,0.00,0,0
1747087584.464697,ens160,0.00,0.00,0.00,0,0,0.00,0.00,0.00,0,0,0.00,0.00,0,0,0.00,0.00,0.00,0,0
1747087584.464708,s1-eth1,6050010.00,66594.00,6116604.00,66594,6050010,1101.00,1009.00,2110.00,1009,1101,0.00,0.00,0,0,48400080.00,532752.00,48932832.00,532752,48400080
1747087584.464720,s2-eth1,6050010.00,66594.00,6116604.00,66594,6050010,1101.00,1009.00,2110.00,1009,1101,0.00,0.00,0,0,48400080.00,532752.00,48932832.00,532752,48400080
1747087584.464732,s1-eth2,66594.00,6050010.00,6116604.00,6050010,66594,1009.00,1101.00,2110.00,1101,1009,0.00,0.00,0,0,532752.00,48400080.00,48932832.00,48400080,532752
1747087584.464743,s3-eth1,6050010.00,66660.00,6116670.00,66660,6050010,1101.00,1010.00,2111.00,1010,1101,0.00,0.00,0,0,48400080.00,533280.00,48933360.00,533280,48400080
1747087584.464772,s2-eth2,66660.00,6050010.00,6116670.00,6050010,66660,1010.00,1101.00,2111.00,1101,1010,0.00,0.00,0,0,533280.00,48400080.00,48933360.00,48400080,533280
1747087584.464783,s3-eth2,66594.00,6054354.00,6120948.00,6054354,66594,1009.00,1101.00,2110.00,1101,1009,0.00,0.00,0,0,532752.00,48434832.00,48967584.00,48434832,532752
1747087584.464806,total,18349878.00,18354222.00,36704100.00,18354222,18349878,6331.00,6331.00,12662.00,6331,6331,0.00,0.00,0,0,146799024.00,146833776.00,293632800.00,146833776,146799024
1747087585.465239,lo,0.00,0.00,0.00,0,0,0.00,0.00,0.00,0,0,0.00,0.00,0,0,0.00,0.00,0.00,0,0
1747087585.465369,ens160,0.00,0.00,0.00,0,0,0.00,0.00,0.00,0,0,0.00,0.00,0,0,0.00,0.00,0.00,0,0
1747087585.465381,s1-eth1,6055868.00,66594.00,6122462.00,66594,6055868,1102.00,1009.00,2111.00,1009,1102,0.00,0.00,0,0,48446944.00,532752.00,48979696.00,532752,48446944
1747087585.465396,s2-eth1,6050010.00,66594.00,6116604.00,66594,6050010,1101.00,1009.00,2110.00,1009,1101,0.00,0.00,0,0,48400080.00,532752.00,48932832.00,532752,48400080
1747087585.465408,s1-eth2,66594.00,6050010.00,6116604.00,6050010,66594,1009.00,1101.00,2110.00,1101,1009,0.00,0.00,0,0,532752.00,48400080.00,48932832.00,48400080,532752
1747087585.465418,s3-eth1,6050010.00,66594.00,6116604.00,66594,6050010,1101.00,1009.00,2110.00,1009,1101,0.00,0.00,0,0,48400080.00,532752.00,48932832.00,532752,48400080
1747087585.465450,s2-eth2,66594.00,6050010.00,6116604.00,6050010,66594,1009.00,1101.00,2110.00,1101,1009,0.00,0.00,0,0,532752.00,48400080.00,48932832.00,48400080,532752
1747087585.465462,s3-eth2,66660.00,6055868.00,6122528.00,6055868,66660,1010.00,1102.00,2112.00,1102,1010,0.00,0.00,0,0,533280.00,48446944.00,48980224.00,48446944,533280
1747087585.465505,total,18355736.00,18355670.00,36711408.00,18355670,18355736,6332.00,6331.00,12663.00,6331,6332,0.00,0.00,0,0,146845888.00,146845360.00,293691264.00,146845360,146845888
1747087586.465870,lo,516.00,516.00,1032.00,516,516,9.00,9.00,18.00,9,9,0.00,0.00,0,0,4128.00,4128.00,8256.00,4128,4128
1747087586.465921,ens160,0.00,0.00,0.00,0,0,0.00,0.00,0.00,0,0,0.00,0.00,0,0,0.00,0.00,0.00,0,0
1747087586.465950,s1-eth1,6048496.00,66660.00,6115156.00,66660,6048496,1100.00,1010.00,2110.00,1010,1100,0.00,0.00,0,0,48387968.00,533280.00,48921248.00,533280,48387968
1747087586.465977,s2-eth1,6055868.00,66660.00,6122528.00,66660,6055868,1102.00,1010.00,2112.00,1010,1102,0.00,0.00,0,0,48446944.00,533280.00,48980224.00,533280,48446944
1747087586.465990,s1-eth2,66660.00,6055868.00,6122528.00,6055868,66660,1010.00,1102.00,2112.00,1102,1010,0.00,0.00,0,0,533280.00,48446944.00,48980224.00,48446944,533280
1747087586.466023,s3-eth1,6055868.00,66660.00,6122528.00,66660,6055868,1102.00,1010.00,2112.00,1010,1102,0.00,0.00,0,0,48446944.00,533280.00,48980224.00,533280,48446944
1747087586.466086,s2-eth2,66660.00,6055868.00,6122528.00,6055868,66660,1010.00,1102.00,2112.00,1102,1010,0.00,0.00,0,0,533280.00,48446944.00,48980224.00,48446944,533280
1747087586.466113,s3-eth2,66594.00,6050010.00,6116604.00,6050010,66594,1009.00,1101.00,2110.00,1101,1009,0.00,0.00,0,0,532752.00,48400080.00,48932832.00,48400080,532752
1747087586.466163,total,18360662.00,18362242.00,36722904.00,18362242,18360662,6342.00,6344.00,12686.00,6344,6342,0.00,0.00,0,0,146885296.00,146897936.00,293783232.00,146897936,146885296
1747087587.466478,lo,0.00,0.00,0.00,0,0,0.00,0.00,0.00,0,0,0.00,0.00,0,0,0.00,0.00,0.00,0,0
1747087587.466510,ens160,0.00,0.00,0.00,0,0,0.00,0.00,0.00,0,0,0.00,0.00,0,0,0.00,0.00,0.00,0,0
1747087587.466520,s1-eth1,6047188.00,70488.00,6117676.00,70488,6047188,1146.00,1068.00,2214.00,1068,1146,0.00,0.00,0,0,48377504.00,563904.00,48941408.00,563904,48377504
1747087587.466531,s2-eth1,6045674.00,70488.00,6116162.00,70488,6045674,1145.00,1068.00,2213.00,1068,1145,0.00,0.00,0,0,48365392.00,563904.00,48929296.00,563904,48365392
1747087587.466542,s1-eth2,70488.00,6045674.00,6116162.00,6045674,70488,1068.00,1145.00,2213.00,1145,1068,0.00,0.00,0,0,563904.00,48365392.00,48929296.00,48365392,563904
1747087587.466552,s3-eth1,6045674.00,70488.00,6116162.00,70488,6045674,1145.00,1068.00,2213.00,1068,1145,0.00,0.00,0,0,48365392.00,563904.00,48929296.00,563904,48365392
1747087587.466576,s2-eth2,70488.00,6045674.00,6116162.00,6045674,70488,1068.00,1145.00,2213.00,1145,1068,0.00,0.00,0,0,563904.00,48365392.00,48929296.00,48365392,563904
1747087587.466586,s3-eth2,70488.00,6047188.00,6117676.00,6047188,70488,1068.00,1146.00,2214.00,1146,1068,0.00,0.00,0,0,563904.00,48377504.00,48941408.00,48377504,563904
1747087587.466605,total,18350000.00,18350000.00,36700000.00,18350000,18350000,6640.00,6640.00,13280.00,6640,6640,0.00,0.00,0,0,146800000.00,146800000.00,293600000.00,146800000,146800000
1747087588.467005,lo,0.00,0.00,0.00,0,0,0.00,0.00,0.00,0,0,0.00,0.00,0,0,0.00,0.00,0.00,0,0
1747087588.467074,ens160,0.00,0.00,0.00,0,0,0.00,0.00,0.00,0,0,0.00,0.00,0,0,0.00,0.00,0.00,0,0
1747087588.467086,s1-eth1,6025064.00,66330.00,6091394.00,66330,6025064,1096.00,1005.00,2101.00,1005,1096,0.00,0.00,0,0,48200512.00,530640.00,48731152.00,530640,48200512
1747087588.467100,s2-eth1,6020720.00,66330.00,6087050.00,66330,6020720,1096.00,1005.00,2101.00,1005,1096,0.00,0.00,0,0,48165760.00,530640.00,48696400.00,530640,48165760
1747087588.467112,s1-eth2,66330.00,6020720.00,6087050.00,6020720,66330,1005.00,1096.00,2101.00,1096,1005,0.00,0.00,0,0,530640.00,48165760.00,48696400.00,48165760,530640
1747087588.467123,s3-eth1,6026578.00,66330.00,6092908.00,66330,6026578,1097.00,1005.00,2102.00,1005,1097,0.00,0.00,0,0,48212624.00,530640.00,48743264.00,530640,48212624
1747087588.467152,s2-eth2,66330.00,6026578.00,6092908.00,6026578,66330,1005.00,1097.00,2102.00,1097,1005,0.00,0.00,0,0,530640.00,48212624.00,48743264.00,48212624,530640
1747087588.467163,s3-eth2,66330.00,6036780.00,6103110.00,6036780,66330,1005.00,1098.00,2103.00,1098,1005,0.00,0.00,0,0,530640.00,48294240.00,48824880.00,48294240,530640
1747087588.467187,total,18271352.00,18283068.00,36554420.00,18283068,18271352,6304.00,6306.00,12610.00,6306,6304,0.00,0.00,0,0,146170816.00,146264544.00,292435360.00,146264544,146170816
1747087589.467577,lo,0.00,0.00,0.00,0,0,0.00,0.00,0.00,0,0,0.00,0.00,0,0,0.00,0.00,0.00,0,0
1747087589.467638,ens160,0.00,0.00,0.00,0,0,0.00,0.00,0.00,0,0,0.00,0.00,0,0,0.00,0.00,0.00,0,0
1747087589.467684,s1-eth1,6038294.00,66396.00,6104690.00,66396,6038294,1099.00,1006.00,2105.00,1006,1099,0.00,0.00,0,0,48306352.00,531168.00,48837520.00,531168,48306352
1747087589.467697,s2-eth1,6036780.00,66396.00,6103176.00,66396,6036780,1098.00,1006.00,2104.00,1006,1098,0.00,0.00,0,0,48294240.00,531168.00,48825408.00,531168,48294240
1747087589.467709,s1-eth2,66396.00,6036780.00,6103176.00,6036780,66396,1006.00,1098.00,2104.00,1098,1006,0.00,0.00,0,0,531168.00,48294240.00,48825408.00,48294240,531168
1747087589.467746,s3-eth1,6036780.00,66396.00,6103176.00,66396,6036780,1098.00,1006.00,2104.00,1006,1098,0.00,0.00,0,0,48294240.00,531168.00,48825408.00,531168,48294240
1747087589.467779,s2-eth2,66396.00,6036780.00,6103176.00,6036780,66396,1006.00,1098.00,2104.00,1098,1006,0.00,0.00,0,0,531168.00,48294240.00,48825408.00,48294240,531168
1747087589.467791,s3-eth2,66396.00,6032436.00,6098832.00,6032436,66396,1006.00,1098.00,2104.00,1098,1006,0.00,0.00,0,0,531168.00,48259488.00,48790656.00,48259488,531168
1747087589.467946,total,18311042.00,18305184.00,36616224.00,18305184,18311042,6313.00,6312.00,12625.00,6312,6313,0.00,0.00,0,0,146488336.00,146441472.00,292929792.00,146441472,146488336
1747087590.468256,lo,0.00,0.00,0.00,0,0,0.00,0.00,0.00,0,0,0.00,0.00,0,0,0.00,0.00,0.00,0,0
1747087590.468287,ens160,0.00,0.00,0.00,0,0,0.00,0.00,0.00,0,0,0.00,0.00,0,0,0.00,0.00,0.00,0,0
1747087590.468298,s1-eth1,6044152.00,66528.00,6110680.00,66528,6044152,1100.00,1008.00,2108.00,1008,1100,0.00,0.00,0,0,48353216.00,532224.00,48885440.00,532224,48353216
1747087590.468311,s2-eth1,6044152.00,66528.00,6110680.00,66528,6044152,1100.00,1008.00,2108.00,1008,1100,0.00,0.00,0,0,48353216.00,532224.00,48885440.00,532224,48353216
1747087590.468324,s1-eth2,66528.00,6044152.00,6110680.00,6044152,66528,1008.00,1100.00,2108.00,1100,1008,0.00,0.00,0,0,532224.00,48353216.00,48885440.00,48353216,532224
1747087590.468335,s3-eth1,6044152.00,66528.00,6110680.00,66528,6044152,1100.00,1008.00,2108.00,1008,1100,0.00,0.00,0,0,48353216.00,532224.00,48885440.00,532224,48353216
1747087590.468359,s2-eth2,66528.00,6044152.00,6110680.00,6044152,66528,1008.00,1100.00,2108.00,1100,1008,0.00,0.00,0,0,532224.00,48353216.00,48885440.00,48353216,532224
1747087590.468370,s3-eth2,66528.00,6042638.00,6109166.00,6042638,66528,1008.00,1099.00,2107.00,1099,1008,0.00,0.00,0,0,532224.00,48341104.00,48873328.00,48341104,532224
1747087590.468392,total,18332040.00,18330526.00,36662568.00,18330526,18332040,6324.00,6323.00,12647.00,6323,6324,0.00,0.00,0,0,146656320.00,146644208.00,293300544.00,146644208,146656320
1747087591.468656,lo,516.00,516.00,1032.00,516,516,9.00,9.00,18.00,9,9,0.00,0.00,0,0,4128.00,4128.00,8256.00,4128,4128
1747087591.468681,ens160,0.00,0.00,0.00,0,0,0.00,0.00,0.00,0,0,0.00,0.00,0,0,0.00,0.00,0.00,0,0
1747087591.468690,s1-eth1,6054354.00,66594.00,6120948.00,66594,6054354,1101.00,1009.00,2110.00,1009,1101,0.00,0.00,0,0,48434832.00,532752.00,48967584.00,532752,48434832
1747087591.468701,s2-eth1,6050010.00,66594.00,6116604.00,66594,6050010,1101.00,1009.00,2110.00,1009,1101,0.00,0.00,0,0,48400080.00,532752.00,48932832.00,532752,48400080
1747087591.468712,s1-eth2,66594.00,6050010.00,6116604.00,6050010,66594,1009.00,1101.00,2110.00,1101,1009,0.00,0.00,0,0,532752.00,48400080.00,48932832.00,48400080,532752
1747087591.468723,s3-eth1,6055868.00,66594.00,6122462.00,66594,6055868,1102.00,1009.00,2111.00,1009,1102,0.00,0.00,0,0,48446944.00,532752.00,48979696.00,532752,48446944
1747087591.468748,s2-eth2,66594.00,6055868.00,6122462.00,6055868,66594,1009.00,1102.00,2111.00,1102,1009,0.00,0.00,0,0,532752.00,48446944.00,48979696.00,48446944,532752
1747087591.468758,s3-eth2,66594.00,6055868.00,6122462.00,6055868,66594,1009.00,1102.00,2111.00,1102,1009,0.00,0.00,0,0,532752.00,48446944.00,48979696.00,48446944,532752
1747087591.468781,total,18360530.00,18362044.00,36722576.00,18362044,18360530,6340.00,6341.00,12681.00,6341,6340,0.00,0.00,0,0,146884240.00,146896352.00,293780608.00,146896352,146884240
1747087592.469040,lo,0.00,0.00,0.00,0,0,0.00,0.00,0.00,0,0,0.00,0.00,0,0,0.00,0.00,0.00,0,0
1747087592.469064,ens160,0.00,0.00,0.00,0,0,0.00,0.00,0.00,0,0,0.00,0.00,0,0,0.00,0.00,0.00,0,0
1747087592.469073,s1-eth1,6050010.00,66660.00,6116670.00,66660,6050010,1101.00,1010.00,2111.00,1010,1101,0.00,0.00,0,0,48400080.00,533280.00,48933360.00,533280,48400080
1747087592.469086,s2-eth1,6054354.00,66660.00,6121014.00,66660,6054354,1101.00,1010.00,2111.00,1010,1101,0.00,0.00,0,0,48434832.00,533280.00,48968112.00,533280,48434832
1747087592.469102,s1-eth2,66660.00,6054354.00,6121014.00,6054354,66660,1010.00,1101.00,2111.00,1101,1010,0.00,0.00,0,0,533280.00,48434832.00,48968112.00,48434832,533280
1747087592.469113,s3-eth1,6048496.00,66660.00,6115156.00,66660,6048496,1100.00,1010.00,2110.00,1010,1100,0.00,0.00,0,0,48387968.00,533280.00,48921248.00,533280,48387968
1747087592.469136,s2-eth2,66660.00,6048496.00,6115156.00,6048496,66660,1010.00,1100.00,2110.00,1100,1010,0.00,0.00,0,0,533280.00,48387968.00,48921248.00,48387968,533280
1747087592.469148,s3-eth2,66660.00,6050010.00,6116670.00,6050010,66660,1010.00,1101.00,2111.00,1101,1010,0.00,0.00,0,0,533280.00,48400080.00,48933360.00,48400080,533280
1747087592.469170,total,18352840.00,18352840.00,36705680.00,18352840,18352840,6332.00,6332.00,12664.00,6332,6332,0.00,0.00,0,0,146822720.00,146822720.00,293645440.00,146822720,146822720
1747087593.469431,lo,0.00,0.00,0.00,0,0,0.00,0.00,0.00,0,0,0.00,0.00,0,0,0.00,0.00,0.00,0,0
1747087593.469458,ens160,0.00,0.00,0.00,0,0,0.00,0.00,0.00,0,0,0.00,0.00,0,0,0.00,0.00,0.00,0,0
1747087593.469466,s1-eth1,6050010.00,66594.00,6116604.00,66594,6050010,1101.00,1009.00,2110.00,1009,1101,0.00,0.00,0,0,48400080.00,532752.00,48932832.00,532752,48400080
1747087593.469477,s2-eth1,6055868.00,66594.00,6122462.00,66594,6055868,1102.00,1009.00,2111.00,1009,1102,0.00,0.00,0,0,48446944.00,532752.00,48979696.00,532752,48446944
1747087593.469490,s1-eth2,66594.00,6055868.00,6122462.00,6055868,66594,1009.00,1102.00,2111.00,1102,1009,0.00,0.00,0,0,532752.00,48446944.00,48979696.00,48446944,532752
1747087593.469499,s3-eth1,6055868.00,66594.00,6122462.00,66594,6055868,1102.00,1009.00,2111.00,1009,1102,0.00,0.00,0,0,48446944.00,532752.00,48979696.00,532752,48446944
1747087593.469521,s2-eth2,66594.00,6055868.00,6122462.00,6055868,66594,1009.00,1102.00,2111.00,1102,1009,0.00,0.00,0,0,532752.00,48446944.00,48979696.00,48446944,532752
1747087593.469530,s3-eth2,66594.00,6055868.00,6122462.00,6055868,66594,1009.00,1102.00,2111.00,1102,1009,0.00,0.00,0,0,532752.00,48446944.00,48979696.00,48446944,532752
1747087593.469551,total,18361528.00,18367386.00,36728912.00,18367386,18361528,6332.00,6333.00,12665.00,6333,6332,0.00,0.00,0,0,146892224.00,146939088.00,293831296.00,146939088,146892224
1747087594.469785,lo,0.00,0.00,0.00,0,0,0.00,0.00,0.00,0,0,0.00,0.00,0,0,0.00,0.00,0.00,0,0
1747087594.469816,ens160,0.00,0.00,0.00,0,0,0.00,0.00,0.00,0,0,0.00,0.00,0,0,0.00,0.00,0.00,0,0
1747087594.469827,s1-eth1,6055868.00,66726.00,6122594.00,66726,6055868,1102.00,1011.00,2113.00,1011,1102,0.00,0.00,0,0,48446944.00,533808.00,48980752.00,533808,48446944
1747087594.469840,s2-eth1,6050010.00,66726.00,6116736.00,66726,6050010,1101.00,1011.00,2112.00,1011,1101,0.00,0.00,0,0,48400080.00,533808.00,48933888.00,533808,48400080
1747087594.469852,s1-eth2,66726.00,6050010.00,6116736.00,6050010,66726,1011.00,1101.00,2112.00,1101,1011,0.00,0.00,0,0,533808.00,48400080.00,48933888.00,48400080,533808
1747087594.469864,s3-eth1,6050010.00,66726.00,6116736.00,66726,6050010,1101.00,1011.00,2112.00,1011,1101,0.00,0.00,0,0,48400080.00,533808.00,48933888.00,533808,48400080
1747087594.469888,s2-eth2,66726.00,6050010.00,6116736.00,6050010,66726,1011.00,1101.00,2112.00,1101,1011,0.00,0.00,0,0,533808.00,48400080.00,48933888.00,48400080,533808
1747087594.469899,s3-eth2,66726.00,6048496.00,6115222.00,6048496,66726,1011.00,1100.00,2111.00,1100,1011,0.00,0.00,0,0,533808.00,48387968.00,48921776.00,48387968,533808
1747087594.469923,total,18356066.00,18348694.00,36704760.00,18348694,18356066,6337.00,6335.00,12672.00,6335,6337,0.00,0.00,0,0,146848528.00,146789552.00,293638080.00,146789552,146848528
1747087595.470214,lo,0.00,0.00,0.00,0,0,0.00,0.00,0.00,0,0,0.00,0.00,0,0,0.00,0.00,0.00,0,0
1747087595.470234,ens160,0.00,0.00,0.00,0,0,0.00,0.00,0.00,0,0,0.00,0.00,0,0,0.00,0.00,0.00,0,0
1747087595.470244,s1-eth1,6050010.00,66594.00,6116604.00,66594,6050010,1101.00,1009.00,2110.00,1009,1101,0.00,0.00,0,0,48400080.00,532752.00,48932832.00,532752,48400080
1747087595.470256,s2-eth1,6050010.00,66594.00,6116604.00,66594,6050010,1101.00,1009.00,2110.00,1009,1101,0.00,0.00,0,0,48400080.00,532752.00,48932832.00,532752,48400080
1747087595.470270,s1-eth2,66594.00,6050010.00,6116604.00,6050010,66594,1009.00,1101.00,2110.00,1101,1009,0.00,0.00,0,0,532752.00,48400080.00,48932832.00,48400080,532752
1747087595.470283,s3-eth1,6055868.00,66594.00,6122462.00,66594,6055868,1102.00,1009.00,2111.00,1009,1102,0.00,0.00,0,0,48446944.00,532752.00,48979696.00,532752,48446944
1747087595.470308,s2-eth2,66594.00,6055868.00,6122462.00,6055868,66594,1009.00,1102.00,2111.00,1102,1009,0.00,0.00,0,0,532752.00,48446944.00,48979696.00,48446944,532752
1747087595.470317,s3-eth2,66594.00,6055868.00,6122462.00,6055868,66594,1009.00,1102.00,2111.00,1102,1009,0.00,0.00,0,0,532752.00,48446944.00,48979696.00,48446944,532752
1747087595.470337,total,18355670.00,18361528.00,36717200.00,18361528,18355670,6331.00,6332.00,12663.00,6332,6331,0.00,0.00,0,0,146845360.00,146892224.00,293737600.00,146892224,146845360
1747087596.470580,lo,516.00,516.00,1032.00,516,516,9.00,9.00,18.00,9,9,0.00,0.00,0,0,4128.00,4128.00,8256.00,4128,4128
1747087596.470604,ens160,0.00,0.00,0.00,0,0,0.00,0.00,0.00,0,0,0.00,0.00,0,0,0.00,0.00,0.00,0,0
1747087596.470612,s1-eth1,6054354.00,66660.00,6121014.00,66660,6054354,1101.00,1010.00,2111.00,1010,1101,0.00,0.00,0,0,48434832.00,533280.00,48968112.00,533280,48434832
1747087596.470623,s2-eth1,6054354.00,66660.00,6121014.00,66660,6054354,1101.00,1010.00,2111.00,1010,1101,0.00,0.00,0,0,48434832.00,533280.00,48968112.00,533280,48434832
1747087596.470633,s1-eth2,66660.00,6054354.00,6121014.00,6054354,66660,1010.00,1101.00,2111.00,1101,1010,0.00,0.00,0,0,533280.00,48434832.00,48968112.00,48434832,533280
1747087596.470642,s3-eth1,6050010.00,66660.00,6116670.00,66660,6050010,1101.00,1010.00,2111.00,1010,1101,0.00,0.00,0,0,48400080.00,533280.00,48933360.00,533280,48400080
1747087596.470664,s2-eth2,66660.00,6050010.00,6116670.00,6050010,66660,1010.00,1101.00,2111.00,1101,1010,0.00,0.00,0,0,533280.00,48400080.00,48933360.00,48400080,533280
1747087596.470674,s3-eth2,66660.00,6050010.00,6116670.00,6050010,66660,1010.00,1101.00,2111.00,1101,1010,0.00,0.00,0,0,533280.00,48400080.00,48933360.00,48400080,533280
1747087596.470693,total,18359214.00,18354870.00,36714084.00,18354870,18359214,6342.00,6342.00,12684.00,6342,6342,0.00,0.00,0,0,146873712.00,146838960.00,293712672.00,146838960,146873712
1747087597.470971,lo,0.00,0.00,0.00,0,0,0.00,0.00,0.00,0,0,0.00,0.00,0,0,0.00,0.00,0.00,0,0
1747087597.470999,ens160,0.00,0.00,0.00,0,0,0.00,0.00,0.00,0,0,0.00,0.00,0,0,0.00,0.00,0.00,0,0
1747087597.471009,s1-eth1,6050010.00,66594.00,6116604.00,66594,6050010,1101.00,1009.00,2110.00,1009,1101,0.00,0.00,0,0,48400080.00,532752.00,48932832.00,532752,48400080
1747087597.471022,s2-eth1,6055868.00,66594.00,6122462.00,66594,6055868,1102.00,1009.00,2111.00,1009,1102,0.00,0.00,0,0,48446944.00,532752.00,48979696.00,532752,48446944
1747087597.471034,s1-eth2,66594.00,6055868.00,6122462.00,6055868,66594,1009.00,1102.00,2111.00,1102,1009,0.00,0.00,0,0,532752.00,48446944.00,48979696.00,48446944,532752
1747087597.471046,s3-eth1,6054354.00,66594.00,6120948.00,66594,6054354,1101.00,1009.00,2110.00,1009,1101,0.00,0.00,0,0,48434832.00,532752.00,48967584.00,532752,48434832
1747087597.471069,s2-eth2,66594.00,6054354.00,6120948.00,6054354,66594,1009.00,1101.00,2110.00,1101,1009,0.00,0.00,0,0,532752.00,48434832.00,48967584.00,48434832,532752
1747087597.471080,s3-eth2,66594.00,6055868.00,6122462.00,6055868,66594,1009.00,1102.00,2111.00,1102,1009,0.00,0.00,0,0,532752.00,48446944.00,48979696.00,48446944,532752
1747087597.471102,total,18360014.00,18365872.00,36725888.00,18365872,18360014,6331.00,6332.00,12663.00,6332,6331,0.00,0.00,0,0,146880112.00,146926976.00,293807104.00,146926976,146880112
1747087598.471293,lo,0.00,0.00,0.00,0,0,0.00,0.00,0.00,0,0,0.00,0.00,0,0,0.00,0.00,0.00,0,0
1747087598.471313,ens160,0.00,0.00,0.00,0,0,0.00,0.00,0.00,0,0,0.00,0.00,0,0,0.00,0.00,0.00,0,0
1747087598.471319,s1-eth1,6058574.00,70422.00,6128996.00,70422,6058574,1143.00,1067.00,2210.00,1067,1143,0.00,0.00,0,0,48468592.00,563376.00,49031968.00,563376,48468592
1747087598.471331,s2-eth1,6052716.00,70422.00,6123138.00,70422,6052716,1142.00,1067.00,2209.00,1067,1142,0.00,0.00,0,0,48421728.00,563376.00,48985104.00,563376,48421728
1747087598.471338,s1-eth2,70422.00,6052716.00,6123138.00,6052716,70422,1067.00,1142.00,2209.00,1142,1067,0.00,0.00,0,0,563376.00,48421728.00,48985104.00,48421728,563376
1747087598.471344,s3-eth1,6052716.00,70422.00,6123138.00,70422,6052716,1142.00,1067.00,2209.00,1067,1142,0.00,0.00,0,0,48421728.00,563376.00,48985104.00,563376,48421728
1747087598.471358,s2-eth2,70422.00,6052716.00,6123138.00,6052716,70422,1067.00,1142.00,2209.00,1142,1067,0.00,0.00,0,0,563376.00,48421728.00,48985104.00,48421728,563376
1747087598.471363,s3-eth2,70422.00,6051202.00,6121624.00,6051202,70422,1067.00,1141.00,2208.00,1141,1067,0.00,0.00,0,0,563376.00,48409616.00,48972992.00,48409616,563376
1747087598.471376,total,18375272.00,18367900.00,36743172.00,18367900,18375272,6628.00,6626.00,13254.00,6626,6628,0.00,0.00,0,0,147002176.00,146943200.00,293945376.00,146943200,147002176
1747087599.471682,lo,0.00,0.00,0.00,0,0,0.00,0.00,0.00,0,0,0.00,0.00,0,0,0.00,0.00,0.00,0,0
1747087599.471716,ens160,0.00,0.00,0.00,0,0,0.00,0.00,0.00,0,0,0.00,0.00,0,0,0.00,0.00,0.00,0,0
1747087599.471723,s1-eth1,6050010.00,66660.00,6116670.00,66660,6050010,1101.00,1010.00,2111.00,1010,1101,0.00,0.00,0,0,48400080.00,533280.00,48933360.00,533280,48400080
1747087599.471731,s2-eth1,6050010.00,66660.00,6116670.00,66660,6050010,1101.00,1010.00,2111.00,1010,1101,0.00,0.00,0,0,48400080.00,533280.00,48933360.00,533280,48400080
1747087599.471738,s1-eth2,66660.00,6050010.00,6116670.00,6050010,66660,1010.00,1101.00,2111.00,1101,1010,0.00,0.00,0,0,533280.00,48400080.00,48933360.00,48400080,533280
1747087599.471744,s3-eth1,6055868.00,66660.00,6122528.00,66660,6055868,1102.00,1010.00,2112.00,1010,1102,0.00,0.00,0,0,48446944.00,533280.00,48980224.00,533280,48446944
1747087599.471759,s2-eth2,66660.00,6055868.00,6122528.00,6055868,66660,1010.00,1102.00,2112.00,1102,1010,0.00,0.00,0,0,533280.00,48446944.00,48980224.00,48446944,533280
1747087599.471765,s3-eth2,66660.00,6055868.00,6122528.00,6055868,66660,1010.00,1102.00,2112.00,1102,1010,0.00,0.00,0,0,533280.00,48446944.00,48980224.00,48446944,533280
1747087599.471777,total,18355868.00,18361726.00,36717592.00,18361726,18355868,6334.00,6335.00,12669.00,6335,6334,0.00,0.00,0,0,146846944.00,146893808.00,293740736.00,146893808,146846944
1747087600.472034,lo,1352.00,1352.00,2704.00,1352,1352,12.00,12.00,24.00,12,12,0.00,0.00,0,0,10816.00,10816.00,21632.00,10816,10816
1747087600.472055,ens160,0.00,0.00,0.00,0,0,0.00,0.00,0.00,0,0,0.00,0.00,0,0,0.00,0.00,0.00,0,0
1747087600.472063,s1-eth1,6054424.00,66660.00,6121084.00,66660,6054424,1102.00,1010.00,2112.00,1010,1102,0.00,0.00,0,0,48435392.00,533280.00,48968672.00,533280,48435392
1747087600.472074,s2-eth1,6054424.00,66730.00,6121154.00,66730,6054424,1102.00,1011.00,2113.00,1011,1102,0.00,0.00,0,0,48435392.00,533840.00,48969232.00,533840,48435392
1747087600.472084,s1-eth2,66730.00,6054424.00,6121154.00,6054424,66730,1011.00,1102.00,2113.00,1102,1011,0.00,0.00,0,0,533840.00,48435392.00,48969232.00,48435392,533840
1747087600.472094,s3-eth1,6050080.00,66730.00,6116810.00,66730,6050080,1102.00,1011.00,2113.00,1011,1102,0.00,0.00,0,0,48400640.00,533840.00,48934480.00,533840,48400640
1747087600.472115,s2-eth2,66730.00,6050080.00,6116810.00,6050080,66730,1011.00,1102.00,2113.00,1102,1011,0.00,0.00,0,0,533840.00,48400640.00,48934480.00,48400640,533840
1747087600.472125,s3-eth2,66730.00,6050010.00,6116740.00,6050010,66730,1011.00,1101.00,2112.00,1101,1011,0.00,0.00,0,0,533840.00,48400080.00,48933920.00,48400080,533840
1747087600.472144,total,18360470.00,18355986.00,36716456.00,18355986,18360470,6351.00,6349.00,12700.00,6349,6351,0.00,0.00,0,0,146883760.00,146847888.00,293731648.00,146847888,146883760
1747087601.472342,lo,0.00,0.00,0.00,0,0,0.00,0.00,0.00,0,0,0.00,0.00,0,0,0.00,0.00,0.00,0,0
1747087601.472355,ens160,0.00,0.00,0.00,0,0,0.00,0.00,0.00,0,0,0.00,0.00,0,0,0.00,0.00,0.00,0,0
1747087601.472359,s1-eth1,6050010.00,66594.00,6116604.00,66594,6050010,1101.00,1009.00,2110.00,1009,1101,0.00,0.00,0,0,48400080.00,532752.00,48932832.00,532752,48400080
1747087601.472367,s2-eth1,6050010.00,66594.00,6116604.00,66594,6050010,1101.00,1009.00,2110.00,1009,1101,0.00,0.00,0,0,48400080.00,532752.00,48932832.00,532752,48400080
1747087601.472372,s1-eth2,66594.00,6050010.00,6116604.00,6050010,66594,1009.00,1101.00,2110.00,1101,1009,0.00,0.00,0,0,532752.00,48400080.00,48932832.00,48400080,532752
1747087601.472377,s3-eth1,6054354.00,66594.00,6120948.00,66594,6054354,1101.00,1009.00,2110.00,1009,1101,0.00,0.00,0,0,48434832.00,532752.00,48967584.00,532752,48434832
1747087601.472387,s2-eth2,66594.00,6054354.00,6120948.00,6054354,66594,1009.00,1101.00,2110.00,1101,1009,0.00,0.00,0,0,532752.00,48434832.00,48967584.00,48434832,532752
1747087601.472392,s3-eth2,66594.00,6050010.00,6116604.00,6050010,66594,1009.00,1101.00,2110.00,1101,1009,0.00,0.00,0,0,532752.00,48400080.00,48932832.00,48400080,532752
1747087601.472401,total,18354156.00,18354156.00,36708312.00,18354156,18354156,6330.00,6330.00,12660.00,6330,6330,0.00,0.00,0,0,146833248.00,146833248.00,293666496.00,146833248,146833248
1747087602.472703,lo,0.00,0.00,0.00,0,0,0.00,0.00,0.00,0,0,0.00,0.00,0,0,0.00,0.00,0.00,0,0
1747087602.472726,ens160,0.00,0.00,0.00,0,0,0.00,0.00,0.00,0,0,0.00,0.00,0,0,0.00,0.00,0.00,0,0
1747087602.472735,s1-eth1,6055868.00,66594.00,6122462.00,66594,6055868,1102.00,1009.00,2111.00,1009,1102,0.00,0.00,0,0,48446944.00,532752.00,48979696.00,532752,48446944
1747087602.472749,s2-eth1,6055868.00,66594.00,6122462.00,66594,6055868,1102.00,1009.00,2111.00,1009,1102,0.00,0.00,0,0,48446944.00,532752.00,48979696.00,532752,48446944
1747087602.472760,s1-eth2,66594.00,6055868.00,6122462.00,6055868,66594,1009.00,1102.00,2111.00,1102,1009,0.00,0.00,0,0,532752.00,48446944.00,48979696.00,48446944,532752
1747087602.472772,s3-eth1,6050010.00,66594.00,6116604.00,66594,6050010,1101.00,1009.00,2110.00,1009,1101,0.00,0.00,0,0,48400080.00,532752.00,48932832.00,532752,48400080
1747087602.472794,s2-eth2,66594.00,6050010.00,6116604.00,6050010,66594,1009.00,1101.00,2110.00,1101,1009,0.00,0.00,0,0,532752.00,48400080.00,48932832.00,48400080,532752
1747087602.472805,s3-eth2,66660.00,6054354.00,6121014.00,6054354,66660,1010.00,1101.00,2111.00,1101,1010,0.00,0.00,0,0,533280.00,48434832.00,48968112.00,48434832,533280
1747087602.472831,total,18361594.00,18360014.00,36721608.00,18360014,18361594,6333.00,6331.00,12664.00,6331,6333,0.00,0.00,0,0,146892752.00,146880112.00,293772864.00,146880112,146892752
1747087603.473094,lo,0.00,0.00,0.00,0,0,0.00,0.00,0.00,0,0,0.00,0.00,0,0,0.00,0.00,0.00,0,0
1747087603.473118,ens160,0.00,0.00,0.00,0,0,0.00,0.00,0.00,0,0,0.00,0.00,0,0,0.00,0.00,0.00,0,0
1747087603.473127,s1-eth1,6050010.00,66660.00,6116670.00,66660,6050010,1101.00,1010.00,2111.00,1010,1101,0.00,0.00,0,0,48400080.00,533280.00,48933360.00,533280,48400080
1747087603.473137,s2-eth1,6050010.00,66660.00,6116670.00,66660,6050010,1101.00,1010.00,2111.00,1010,1101,0.00,0.00,0,0,48400080.00,533280.00,48933360.00,533280,48400080
1747087603.473146,s1-eth2,66660.00,6050010.00,6116670.00,6050010,66660,1010.00,1101.00,2111.00,1101,1010,0.00,0.00,0,0,533280.00,48400080.00,48933360.00,48400080,533280
1747087603.473155,s3-eth1,6050010.00,66660.00,6116670.00,66660,6050010,1101.00,1010.00,2111.00,1010,1101,0.00,0.00,0,0,48400080.00,533280.00,48933360.00,533280,48400080
1747087603.473174,s2-eth2,66660.00,6050010.00,6116670.00,6050010,66660,1010.00,1101.00,2111.00,1101,1010,0.00,0.00,0,0,533280.00,48400080.00,48933360.00,48400080,533280
1747087603.473181,s3-eth2,66594.00,6055868.00,6122462.00,6055868,66594,1009.00,1102.00,2111.00,1102,1009,0.00,0.00,0,0,532752.00,48446944.00,48979696.00,48446944,532752
1747087603.473195,total,18349944.00,18355868.00,36705812.00,18355868,18349944,6332.00,6334.00,12666.00,6334,6332,0.00,0.00,0,0,146799552.00,146846944.00,293646496.00,146846944,146799552
1747087604.474005,lo,1014.00,1014.00,2028.00,1014,1014,9.00,9.00,18.00,9,9,0.00,0.00,0,0,8112.00,8112.00,16224.00,8112,8112
1747087604.474137,ens160,0.00,0.00,0.00,0,0,0.00,0.00,0.00,0,0,0.00,0.00,0,0,0.00,0.00,0.00,0,0
1747087604.474193,s1-eth1,515520.50,5868.13,521388.62,5874,516036,95.90,88.91,184.82,89,96,0.00,0.00,0,0,4124164.00,46945.05,4171109.00,46992,4128288
1747087604.474210,s2-eth1,509668.34,5934.07,515602.41,5940,510178,94.91,89.91,184.82,90,95,0.00,0.00,0,0,4077346.75,47472.53,4124819.25,47520,4081424
1747087604.474223,s1-eth2,5934.07,509668.34,515602.41,510178,5940,89.91,94.91,184.82,95,90,0.00,0.00,0,0,47472.53,4077346.75,4124819.25,4081424,47520
1747087604.474234,s3-eth1,497964.06,6000.00,503964.06,6006,498462,92.91,90.91,183.82,91,93,0.00,0.00,0,0,3983712.50,48000.00,4031712.50,48048,3987696
1747087604.474271,s2-eth2,6000.00,497964.06,503964.06,498462,6006,90.91,92.91,183.82,93,91,0.00,0.00,0,0,48000.00,3983712.50,4031712.50,3987696,48048
1747087604.474285,s3-eth2,6065.93,474555.47,480621.41,475030,6072,91.91,88.91,180.82,89,92,0.00,0.00,0,0,48527.47,3796443.75,3844971.25,3800240,48576
1747087604.474313,total,1542165.88,1501003.00,3043169.00,1502504,1543708,565.43,555.44,1120.88,556,566,0.00,0.00,0,0,12337327.00,12008024.00,24345352.00,12020032,12349664
1747087605.476144,lo,0.00,0.00,0.00,0,0,0.00,0.00,0.00,0,0,0.00,0.00,0,0,0.00,0.00,0.00,0,0
1747087605.476247,ens160,0.00,0.00,0.00,0,0,0.00,0.00,0.00,0,0,0.00,0.00,0,0,0.00,0.00,0.00,0,0
1747087605.476262,s1-eth1,0.00,0.00,0.00,0,0,0.00,0.00,0.00,0,0,0.00,0.00,0,0,0.00,0.00,0.00,0,0
1747087605.476272,s2-eth1,0.00,0.00,0.00,0,0,0.00,0.00,0.00,0,0,0.00,0.00,0,0,0.00,0.00,0.00,0,0
1747087605.476283,s1-eth2,0.00,0.00,0.00,0,0,0.00,0.00,0.00,0,0,0.00,0.00,0,0,0.00,0.00,0.00,0,0
1747087605.476293,s3-eth1,0.00,0.00,0.00,0,0,0.00,0.00,0.00,0,0,0.00,0.00,0,0,0.00,0.00,0.00,0,0
1747087605.476325,s2-eth2,0.00,0.00,0.00,0,0,0.00,0.00,0.00,0,0,0.00,0.00,0,0,0.00,0.00,0.00,0,0
1747087605.476353,s3-eth2,0.00,0.00,0.00,0,0,0.00,0.00,0.00,0,0,0.00,0.00,0,0,0.00,0.00,0.00,0,0
1747087605.476375,total,0.00,0.00,0.00,0,0,0.00,0.00,0.00,0,0,0.00,0.00,0,0,0.00,0.00,0.00,0,0
1747087606.477606,lo,0.00,0.00,0.00,0,0,0.00,0.00,0.00,0,0,0.00,0.00,0,0,0.00,0.00,0.00,0,0
1747087606.477708,ens160,0.00,0.00,0.00,0,0,0.00,0.00,0.00,0,0,0.00,0.00,0,0,0.00,0.00,0.00,0,0
1747087606.477723,s1-eth1,0.00,0.00,0.00,0,0,0.00,0.00,0.00,0,0,0.00,0.00,0,0,0.00,0.00,0.00,0,0
1747087606.477732,s2-eth1,0.00,0.00,0.00,0,0,0.00,0.00,0.00,0,0,0.00,0.00,0,0,0.00,0.00,0.00,0,0
1747087606.477742,s1-eth2,0.00,0.00,0.00,0,0,0.00,0.00,0.00,0,0,0.00,0.00,0,0,0.00,0.00,0.00,0,0
1747087606.477751,s3-eth1,0.00,0.00,0.00,0,0,0.00,0.00,0.00,0,0,0.00,0.00,0,0,0.00,0.00,0.00,0,0
1747087606.477783,s2-eth2,0.00,0.00,0.00,0,0,0.00,0.00,0.00,0,0,0.00,0.00,0,0,0.00,0.00,0.00,0,0
1747087606.477792,s3-eth2,0.00,0.00,0.00,0,0,0.00,0.00,0.00,0,0,0.00,0.00,0,0,0.00,0.00,0.00,0,0
1747087606.477811,total,0.00,0.00,0.00,0,0,0.00,0.00,0.00,0,0,0.00,0.00,0,0,0.00,0.00,0.00,0,0
1747087607.479353,lo,2469.53,2469.53,4939.06,2472,2472,17.98,17.98,35.96,18,18,0.00,0.00,0,0,19756.24,19756.24,39512.49,19776,19776
1747087607.479472,ens160,0.00,0.00,0.00,0,0,0.00,0.00,0.00,0,0,0.00,0.00,0,0,0.00,0.00,0.00,0,0
1747087607.479488,s1-eth1,320.68,0.00,320.68,0,321,3.00,0.00,3.00,0,3,0.00,0.00,0,0,2565.43,0.00,2565.43,0,2568
1747087607.479498,s2-eth1,213.79,106.89,320.68,107,214,2.00,1.00,3.00,1,2,0.00,0.00,0,0,1710.29,855.14,2565.43,856,1712
1747087607.479509,s1-eth2,106.89,213.79,320.68,214,107,1.00,2.00,3.00,2,1,0.00,0.00,0,0,855.14,1710.29,2565.43,1712,856
1747087607.479521,s3-eth1,106.89,213.79,320.68,214,107,1.00,2.00,3.00,2,1,0.00,0.00,0,0,855.14,1710.29,2565.43,1712,856
1747087607.479552,s2-eth2,213.79,106.89,320.68,107,214,2.00,1.00,3.00,1,2,0.00,0.00,0,0,1710.29,855.14,2565.43,856,1712
1747087607.479562,s3-eth2,320.68,0.00,320.68,0,321,3.00,0.00,3.00,0,3,0.00,0.00,0,0,2565.43,0.00,2565.43,0,2568
1747087607.479584,total,3752.25,3110.89,6863.14,3114,3756,29.97,23.98,53.95,24,30,0.00,0.00,0,0,30017.98,24887.11,54905.10,24912,30048
1747087608.481129,lo,0.00,0.00,0.00,0,0,0.00,0.00,0.00,0,0,0.00,0.00,0,0,0.00,0.00,0.00,0,0
1747087608.481256,ens160,0.00,0.00,0.00,0,0,0.00,0.00,0.00,0,0,0.00,0.00,0,0,0.00,0.00,0.00,0,0
1747087608.481303,s1-eth1,0.00,0.00,0.00,0,0,0.00,0.00,0.00,0,0,0.00,0.00,0,0,0.00,0.00,0.00,0,0
1747087608.481313,s2-eth1,0.00,0.00,0.00,0,0,0.00,0.00,0.00,0,0,0.00,0.00,0,0,0.00,0.00,0.00,0,0
1747087608.481323,s1-eth2,0.00,0.00,0.00,0,0,0.00,0.00,0.00,0,0,0.00,0.00,0,0,0.00,0.00,0.00,0,0
1747087608.481331,s3-eth1,0.00,0.00,0.00,0,0,0.00,0.00,0.00,0,0,0.00,0.00,0,0,0.00,0.00,0.00,0,0
1747087608.481363,s2-eth2,0.00,0.00,0.00,0,0,0.00,0.00,0.00,0,0,0.00,0.00,0,0,0.00,0.00,0.00,0,0
1747087608.481372,s3-eth2,69.93,0.00,69.93,0,70,1.00,0.00,1.00,0,1,0.00,0.00,0,0,559.44,0.00,559.44,0,560
1747087608.481396,total,69.93,0.00,69.93,0,70,1.00,0.00,1.00,0,1,0.00,0.00,0,0,559.44,0.00,559.44,0,560
1747087609.482958,lo,0.00,0.00,0.00,0,0,0.00,0.00,0.00,0,0,0.00,0.00,0,0,0.00,0.00,0.00,0,0
1747087609.483098,ens160,0.00,0.00,0.00,0,0,0.00,0.00,0.00,0,0,0.00,0.00,0,0,0.00,0.00,0.00,0,0
1747087609.483116,s1-eth1,0.00,0.00,0.00,0,0,0.00,0.00,0.00,0,0,0.00,0.00,0,0,0.00,0.00,0.00,0,0
1747087609.483127,s2-eth1,0.00,0.00,0.00,0,0,0.00,0.00,0.00,0,0,0.00,0.00,0,0,0.00,0.00,0.00,0,0
1747087609.483136,s1-eth2,0.00,0.00,0.00,0,0,0.00,0.00,0.00,0,0,0.00,0.00,0,0,0.00,0.00,0.00,0,0
1747087609.483145,s3-eth1,0.00,0.00,0.00,0,0,0.00,0.00,0.00,0,0,0.00,0.00,0,0,0.00,0.00,0.00,0,0
1747087609.483178,s2-eth2,0.00,0.00,0.00,0,0,0.00,0.00,0.00,0,0,0.00,0.00,0,0,0.00,0.00,0.00,0,0
1747087609.483189,s3-eth2,0.00,0.00,0.00,0,0,0.00,0.00,0.00,0,0,0.00,0.00,0,0,0.00,0.00,0.00,0,0
1747087609.483211,total,0.00,0.00,0.00,0,0,0.00,0.00,0.00,0,0,0.00,0.00,0,0,0.00,0.00,0.00,0,0
1747087610.483888,lo,1352.00,1352.00,2704.00,1352,1352,12.00,12.00,24.00,12,12,0.00,0.00,0,0,10816.00,10816.00,21632.00,10816,10816
1747087610.484007,ens160,0.00,90.00,90.00,90,0,0.00,1.00,1.00,1,0,0.00,0.00,0,0,0.00,720.00,720.00,720,0
1747087610.484026,s1-eth1,70.00,70.00,140.00,70,70,1.00,1.00,2.00,1,1,0.00,0.00,0,0,560.00,560.00,1120.00,560,560
1747087610.484036,s2-eth1,70.00,70.00,140.00,70,70,1.00,1.00,2.00,1,1,0.00,0.00,0,0,560.00,560.00,1120.00,560,560
1747087610.484047,s1-eth2,70.00,70.00,140.00,70,70,1.00,1.00,2.00,1,1,0.00,0.00,0,0,560.00,560.00,1120.00,560,560
1747087610.484056,s3-eth1,0.00,70.00,70.00,70,0,0.00,1.00,1.00,1,0,0.00,0.00,0,0,0.00,560.00,560.00,560,0
1747087610.484092,s2-eth2,70.00,0.00,70.00,0,70,1.00,0.00,1.00,0,1,0.00,0.00,0,0,560.00,0.00,560.00,0,560
1747087610.484103,s3-eth2,70.00,0.00,70.00,0,70,1.00,0.00,1.00,0,1,0.00,0.00,0,0,560.00,0.00,560.00,0,560
1747087610.484148,total,1702.00,1722.00,3424.00,1722,1702,17.00,17.00,34.00,17,17,0.00,0.00,0,0,13616.00,13776.00,27392.00,13776,13616
1747087611.485731,lo,0.00,0.00,0.00,0,0,0.00,0.00,0.00,0,0,0.00,0.00,0,0,0.00,0.00,0.00,0,0
1747087611.485862,ens160,0.00,0.00,0.00,0,0,0.00,0.00,0.00,0,0,0.00,0.00,0,0,0.00,0.00,0.00,0,0
1747087611.485878,s1-eth1,0.00,0.00,0.00,0,0,0.00,0.00,0.00,0,0,0.00,0.00,0,0,0.00,0.00,0.00,0,0
1747087611.485888,s2-eth1,0.00,0.00,0.00,0,0,0.00,0.00,0.00,0,0,0.00,0.00,0,0,0.00,0.00,0.00,0,0
1747087611.485897,s1-eth2,0.00,0.00,0.00,0,0,0.00,0.00,0.00,0,0,0.00,0.00,0,0,0.00,0.00,0.00,0,0
1747087611.485907,s3-eth1,0.00,0.00,0.00,0,0,0.00,0.00,0.00,0,0,0.00,0.00,0,0,0.00,0.00,0.00,0,0
1747087611.485938,s2-eth2,0.00,0.00,0.00,0,0,0.00,0.00,0.00,0,0,0.00,0.00,0,0,0.00,0.00,0.00,0,0
1747087611.485948,s3-eth2,0.00,0.00,0.00,0,0,0.00,0.00,0.00,0,0,0.00,0.00,0,0,0.00,0.00,0.00,0,0
1747087611.485969,total,0.00,0.00,0.00,0,0,0.00,0.00,0.00,0,0,0.00,0.00,0,0,0.00,0.00,0.00,0,0
1747087612.486477,lo,0.00,0.00,0.00,0,0,0.00,0.00,0.00,0,0,0.00,0.00,0,0,0.00,0.00,0.00,0,0
1747087612.486533,ens160,0.00,0.00,0.00,0,0,0.00,0.00,0.00,0,0,0.00,0.00,0,0,0.00,0.00,0.00,0,0
1747087612.486541,s1-eth1,0.00,0.00,0.00,0,0,0.00,0.00,0.00,0,0,0.00,0.00,0,0,0.00,0.00,0.00,0,0
1747087612.486547,s2-eth1,0.00,0.00,0.00,0,0,0.00,0.00,0.00,0,0,0.00,0.00,0,0,0.00,0.00,0.00,0,0
1747087612.486553,s1-eth2,0.00,0.00,0.00,0,0,0.00,0.00,0.00,0,0,0.00,0.00,0,0,0.00,0.00,0.00,0,0
1747087612.486557,s3-eth1,0.00,0.00,0.00,0,0,0.00,0.00,0.00,0,0,0.00,0.00,0,0,0.00,0.00,0.00,0,0
1747087612.486575,s2-eth2,0.00,0.00,0.00,0,0,0.00,0.00,0.00,0,0,0.00,0.00,0,0,0.00,0.00,0.00,0,0
1747087612.486596,s3-eth2,0.00,0.00,0.00,0,0,0.00,0.00,0.00,0,0,0.00,0.00,0,0,0.00,0.00,0.00,0,0
1747087612.486609,total,0.00,0.00,0.00,0,0,0.00,0.00,0.00,0,0,0.00,0.00,0,0,0.00,0.00,0.00,0,0
